         Index            Ts             t            HF        Weight            Tr
           [#]          [°C]           [s]          [mW]          [mg]          [°C]
             0   2.79173e+01   0.00000e+00   2.73044e+01   1.31484e+01   3.00000e+01
             1   2.49534e+01   1.00000e+00   2.15481e+01   1.31480e+01   3.10000e+01
             2   2.48900e+01   2.00000e+00   1.50079e+01   1.31478e+01   3.20000e+01
             3   2.55982e+01   3.00000e+00   1.26908e+01   1.31476e+01   3.30000e+01
             4   2.63843e+01   4.00000e+00   1.29588e+01   1.31474e+01   3.40000e+01
             5   2.71901e+01   5.00000e+00   1.33029e+01   1.31470e+01   3.50000e+01
             6   2.80243e+01   6.00000e+00   1.37363e+01   1.31464e+01   3.60000e+01
             7   2.89259e+01   7.00000e+00   1.43418e+01   1.31457e+01   3.70000e+01
             8   2.99155e+01   8.00000e+00   1.47111e+01   1.31448e+01   3.80000e+01
             9   3.09809e+01   9.00000e+00   1.50259e+01   1.31441e+01   3.90000e+01
            10   3.20537e+01   1.00000e+01   1.53010e+01   1.31434e+01   4.00000e+01
            11   3.31526e+01   1.10000e+01   1.55543e+01   1.31428e+01   4.10000e+01
            12   3.42640e+01   1.20000e+01   1.57404e+01   1.31421e+01   4.20000e+01
            13   3.54129e+01   1.30000e+01   1.59851e+01   1.31416e+01   4.30000e+01
            14   3.65581e+01   1.40000e+01   1.62354e+01   1.31411e+01   4.40000e+01
            15   3.77195e+01   1.50000e+01   1.64771e+01   1.31406e+01   4.50000e+01
            16   3.88919e+01   1.60000e+01   1.66122e+01   1.31402e+01   4.60000e+01
            17   4.00614e+01   1.70000e+01   1.67804e+01   1.31396e+01   4.70000e+01
            18   4.12289e+01   1.80000e+01   1.69417e+01   1.31389e+01   4.80000e+01
            19   4.24067e+01   1.90000e+01   1.70898e+01   1.31382e+01   4.90000e+01
            20   4.35941e+01   2.00000e+01   1.71302e+01   1.31371e+01   5.00000e+01
            21   4.47640e+01   2.10000e+01   1.72144e+01   1.31360e+01   5.10000e+01
            22   4.59407e+01   2.20000e+01   1.72967e+01   1.31348e+01   5.20000e+01
            23   4.71133e+01   2.30000e+01   1.73693e+01   1.31336e+01   5.30000e+01
            24   4.82852e+01   2.40000e+01   1.73367e+01   1.31319e+01   5.40000e+01
            25   4.94502e+01   2.50000e+01   1.73426e+01   1.31303e+01   5.50000e+01
            26   5.06126e+01   2.60000e+01   1.73424e+01   1.31285e+01   5.60000e+01
            27   5.17734e+01   2.70000e+01   1.73315e+01   1.31267e+01   5.70000e+01
            28   5.29201e+01   2.80000e+01   1.72045e+01   1.31244e+01   5.80000e+01
            29   5.40751e+01   2.90000e+01   1.71236e+01   1.31222e+01   5.90000e+01
            30   5.52176e+01   3.00000e+01   1.70398e+01   1.31198e+01   6.00000e+01
            31   5.63635e+01   3.10000e+01   1.69450e+01   1.31174e+01   6.10000e+01
            32   5.75084e+01   3.20000e+01   1.67368e+01   1.31146e+01   6.20000e+01
            33   5.86494e+01   3.30000e+01   1.65693e+01   1.31117e+01   6.30000e+01
            34   5.97681e+01   3.40000e+01   1.63975e+01   1.31088e+01   6.40000e+01
            35   6.08967e+01   3.50000e+01   1.62141e+01   1.31057e+01   6.50000e+01
            36   6.20062e+01   3.60000e+01   1.59147e+01   1.31021e+01   6.60000e+01
            37   6.31261e+01   3.70000e+01   1.56628e+01   1.30984e+01   6.70000e+01
            38   6.42413e+01   3.80000e+01   1.54089e+01   1.30946e+01   6.80000e+01
            39   6.53450e+01   3.90000e+01   1.51459e+01   1.30905e+01   6.90000e+01
            40   6.64341e+01   4.00000e+01   1.47675e+01   1.30856e+01   7.00000e+01
            41   6.75260e+01   4.10000e+01   1.44351e+01   1.30808e+01   7.10000e+01
            42   6.86205e+01   4.20000e+01   1.41001e+01   1.30759e+01   7.20000e+01
            43   6.96977e+01   4.30000e+01   1.37557e+01   1.30708e+01   7.30000e+01
            44   7.07761e+01   4.40000e+01   1.33044e+01   1.30649e+01   7.40000e+01
            45   7.18627e+01   4.50000e+01   1.28956e+01   1.30591e+01   7.50000e+01
            46   7.29214e+01   4.60000e+01   1.24851e+01   1.30530e+01   7.60000e+01
            47   7.39939e+01   4.70000e+01   1.20671e+01   1.30468e+01   7.70000e+01
            48   7.50523e+01   4.80000e+01   1.15493e+01   1.30397e+01   7.80000e+01
            49   7.61130e+01   4.90000e+01   1.10712e+01   1.30327e+01   7.90000e+01
            50   7.71608e+01   5.00000e+01   1.05937e+01   1.30255e+01   8.00000e+01
            51   7.82035e+01   5.10000e+01   1.01113e+01   1.30180e+01   8.10000e+01
            52   7.92439e+01   5.20000e+01   9.53242e+00   1.30096e+01   8.20000e+01
            53   8.02865e+01   5.30000e+01   8.99313e+00   1.30012e+01   8.30000e+01
            54   8.13159e+01   5.40000e+01   8.45503e+00   1.29925e+01   8.40000e+01
            55   8.23484e+01   5.50000e+01   7.91151e+00   1.29836e+01   8.50000e+01
            56   8.33797e+01   5.60000e+01   7.28745e+00   1.29735e+01   8.60000e+01
            57   8.44055e+01   5.70000e+01   6.69567e+00   1.29635e+01   8.70000e+01
            58   8.54225e+01   5.80000e+01   6.10494e+00   1.29532e+01   8.80000e+01
            59   8.64520e+01   5.90000e+01   5.51019e+00   1.29428e+01   8.90000e+01
            60   8.74635e+01   6.00000e+01   4.85160e+00   1.29310e+01   9.00000e+01
            61   8.84698e+01   6.10000e+01   4.22299e+00   1.29195e+01   9.10000e+01
            62   8.94807e+01   6.20000e+01   3.59739e+00   1.29078e+01   9.20000e+01
            63   9.04870e+01   6.30000e+01   2.96866e+00   1.28959e+01   9.30000e+01
            64   9.14844e+01   6.40000e+01   2.28369e+00   1.28828e+01   9.40000e+01
            65   9.24856e+01   6.50000e+01   1.62704e+00   1.28699e+01   9.50000e+01
            66   9.34785e+01   6.60000e+01   9.76660e-01   1.28568e+01   9.60000e+01
            67   9.44843e+01   6.70000e+01   3.27148e-01   1.28435e+01   9.70000e+01
            68   9.54758e+01   6.80000e+01  -3.51457e-01   1.28291e+01   9.80000e+01
            69   9.64792e+01   6.90000e+01  -1.01627e+00   1.28149e+01   9.90000e+01
            70   9.74832e+01   7.00000e+01  -1.67586e+00   1.28006e+01   1.00000e+02
            71   9.84740e+01   7.10000e+01  -2.33430e+00   1.27860e+01   1.01000e+02
            72   9.94595e+01   7.20000e+01  -3.00751e+00   1.27705e+01   1.02000e+02
            73   1.00450e+02   7.30000e+01  -3.67228e+00   1.27552e+01   1.03000e+02
            74   1.01449e+02   7.40000e+01  -4.33268e+00   1.27397e+01   1.04000e+02
            75   1.02446e+02   7.50000e+01  -4.99027e+00   1.27240e+01   1.05000e+02
            76   1.03442e+02   7.60000e+01  -5.64111e+00   1.27076e+01   1.06000e+02
            77   1.04420e+02   7.70000e+01  -6.29043e+00   1.26913e+01   1.07000e+02
            78   1.05419e+02   7.80000e+01  -6.93352e+00   1.26750e+01   1.08000e+02
            79   1.06418e+02   7.90000e+01  -7.57221e+00   1.26586e+01   1.09000e+02
            80   1.07406e+02   8.00000e+01  -8.19181e+00   1.26416e+01   1.10000e+02
            81   1.08397e+02   8.10000e+01  -8.81320e+00   1.26248e+01   1.11000e+02
            82   1.09390e+02   8.20000e+01  -9.42883e+00   1.26080e+01   1.12000e+02
            83   1.10383e+02   8.30000e+01  -1.00383e+01   1.25911e+01   1.13000e+02
            84   1.11382e+02   8.40000e+01  -1.06036e+01   1.25740e+01   1.14000e+02
            85   1.12375e+02   8.50000e+01  -1.11816e+01   1.25569e+01   1.15000e+02
            86   1.13379e+02   8.60000e+01  -1.17542e+01   1.25399e+01   1.16000e+02
            87   1.14388e+02   8.70000e+01  -1.23192e+01   1.25229e+01   1.17000e+02
            88   1.15388e+02   8.80000e+01  -1.28225e+01   1.25059e+01   1.18000e+02
            89   1.16390e+02   8.90000e+01  -1.33458e+01   1.24890e+01   1.19000e+02
            90   1.17396e+02   9.00000e+01  -1.38625e+01   1.24722e+01   1.20000e+02
            91   1.18408e+02   9.10000e+01  -1.43717e+01   1.24554e+01   1.21000e+02
            92   1.19420e+02   9.20000e+01  -1.48070e+01   1.24390e+01   1.22000e+02
            93   1.20434e+02   9.30000e+01  -1.52679e+01   1.24225e+01   1.23000e+02
            94   1.21442e+02   9.40000e+01  -1.57242e+01   1.24061e+01   1.24000e+02
            95   1.22461e+02   9.50000e+01  -1.61725e+01   1.23898e+01   1.25000e+02
            96   1.23484e+02   9.60000e+01  -1.65307e+01   1.23740e+01   1.26000e+02
            97   1.24499e+02   9.70000e+01  -1.69194e+01   1.23582e+01   1.27000e+02
            98   1.25533e+02   9.80000e+01  -1.73031e+01   1.23425e+01   1.28000e+02
            99   1.26555e+02   9.90000e+01  -1.76766e+01   1.23270e+01   1.29000e+02
           100   1.27581e+02   1.00000e+02  -1.79537e+01   1.23121e+01   1.30000e+02
           101   1.28613e+02   1.01000e+02  -1.82658e+01   1.22972e+01   1.31000e+02
           102   1.29649e+02   1.02000e+02  -1.85737e+01   1.22825e+01   1.32000e+02
           103   1.30679e+02   1.03000e+02  -1.88721e+01   1.22679e+01   1.33000e+02
           104   1.31720e+02   1.04000e+02  -1.90659e+01   1.22541e+01   1.34000e+02
           105   1.32771e+02   1.05000e+02  -1.93015e+01   1.22403e+01   1.35000e+02
           106   1.33814e+02   1.06000e+02  -1.95335e+01   1.22267e+01   1.36000e+02
           107   1.34860e+02   1.07000e+02  -1.97557e+01   1.22132e+01   1.37000e+02
           108   1.35908e+02   1.08000e+02  -1.98686e+01   1.22007e+01   1.38000e+02
           109   1.36958e+02   1.09000e+02  -2.00245e+01   1.21880e+01   1.39000e+02
           110   1.38012e+02   1.10000e+02  -2.01773e+01   1.21755e+01   1.40000e+02
           111   1.39057e+02   1.11000e+02  -2.03211e+01   1.21632e+01   1.41000e+02
           112   1.40121e+02   1.12000e+02  -2.03622e+01   1.21517e+01   1.42000e+02
           113   1.41171e+02   1.13000e+02  -2.04405e+01   1.21402e+01   1.43000e+02
           114   1.42227e+02   1.14000e+02  -2.05160e+01   1.21289e+01   1.44000e+02
           115   1.43294e+02   1.15000e+02  -2.05824e+01   1.21177e+01   1.45000e+02
           116   1.44356e+02   1.16000e+02  -2.05466e+01   1.21074e+01   1.46000e+02
           117   1.45423e+02   1.17000e+02  -2.05532e+01   1.20970e+01   1.47000e+02
           118   1.46496e+02   1.18000e+02  -2.05592e+01   1.20866e+01   1.48000e+02
           119   1.47565e+02   1.19000e+02  -2.05567e+01   1.20765e+01   1.49000e+02
           120   1.48626e+02   1.20000e+02  -2.04562e+01   1.20671e+01   1.50000e+02
           121   1.49708e+02   1.21000e+02  -2.03971e+01   1.20576e+01   1.51000e+02
           122   1.50776e+02   1.22000e+02  -2.03374e+01   1.20484e+01   1.52000e+02
           123   1.51854e+02   1.23000e+02  -2.02718e+01   1.20393e+01   1.53000e+02
           124   1.52926e+02   1.24000e+02  -2.01212e+01   1.20312e+01   1.54000e+02
           125   1.54003e+02   1.25000e+02  -2.00047e+01   1.20229e+01   1.55000e+02
           126   1.55077e+02   1.26000e+02  -1.98898e+01   1.20148e+01   1.56000e+02
           127   1.56157e+02   1.27000e+02  -1.97698e+01   1.20067e+01   1.57000e+02
           128   1.57240e+02   1.28000e+02  -1.95737e+01   1.19996e+01   1.58000e+02
           129   1.58315e+02   1.29000e+02  -1.94090e+01   1.19924e+01   1.59000e+02
           130   1.59404e+02   1.30000e+02  -1.92456e+01   1.19853e+01   1.60000e+02
           131   1.60481e+02   1.31000e+02  -1.90768e+01   1.19783e+01   1.61000e+02
           132   1.61564e+02   1.32000e+02  -1.88474e+01   1.19721e+01   1.62000e+02
           133   1.62656e+02   1.33000e+02  -1.86466e+01   1.19658e+01   1.63000e+02
           134   1.63735e+02   1.34000e+02  -1.84484e+01   1.19595e+01   1.64000e+02
           135   1.64814e+02   1.35000e+02  -1.82470e+01   1.19533e+01   1.65000e+02
           136   1.65899e+02   1.36000e+02  -1.79959e+01   1.19477e+01   1.66000e+02
           137   1.66987e+02   1.37000e+02  -1.77687e+01   1.19420e+01   1.67000e+02
           138   1.68068e+02   1.38000e+02  -1.75454e+01   1.19364e+01   1.68000e+02
           139   1.69157e+02   1.39000e+02  -1.73217e+01   1.19309e+01   1.69000e+02
           140   1.70244e+02   1.40000e+02  -1.70645e+01   1.19259e+01   1.70000e+02
           141   1.71316e+02   1.41000e+02  -1.68266e+01   1.19208e+01   1.71000e+02
           142   1.72401e+02   1.42000e+02  -1.65928e+01   1.19158e+01   1.72000e+02
           143   1.73481e+02   1.43000e+02  -1.63584e+01   1.19108e+01   1.73000e+02
           144   1.74568e+02   1.44000e+02  -1.61099e+01   1.19062e+01   1.74000e+02
           145   1.75645e+02   1.45000e+02  -1.58694e+01   1.19014e+01   1.75000e+02
           146   1.76725e+02   1.46000e+02  -1.56322e+01   1.18967e+01   1.76000e+02
           147   1.77799e+02   1.47000e+02  -1.53971e+01   1.18919e+01   1.77000e+02
           148   1.78881e+02   1.48000e+02  -1.51630e+01   1.18872e+01   1.78000e+02
           149   1.79953e+02   1.49000e+02  -1.49311e+01   1.18824e+01   1.79000e+02
           150   1.81022e+02   1.50000e+02  -1.47020e+01   1.18776e+01   1.80000e+02
           151   1.82099e+02   1.51000e+02  -1.44751e+01   1.18727e+01   1.81000e+02
           152   1.83168e+02   1.52000e+02  -1.42599e+01   1.18677e+01   1.82000e+02
           153   1.84247e+02   1.53000e+02  -1.40439e+01   1.18627e+01   1.83000e+02
           154   1.85317e+02   1.54000e+02  -1.38310e+01   1.18577e+01   1.84000e+02
           155   1.86383e+02   1.55000e+02  -1.36210e+01   1.18526e+01   1.85000e+02
           156   1.87451e+02   1.56000e+02  -1.34341e+01   1.18473e+01   1.86000e+02
           157   1.88517e+02   1.57000e+02  -1.32381e+01   1.18420e+01   1.87000e+02
           158   1.89584e+02   1.58000e+02  -1.30437e+01   1.18366e+01   1.88000e+02
           159   1.90649e+02   1.59000e+02  -1.28525e+01   1.18312e+01   1.89000e+02
           160   1.91704e+02   1.60000e+02  -1.26916e+01   1.18255e+01   1.90000e+02
           161   1.92763e+02   1.61000e+02  -1.25180e+01   1.18197e+01   1.91000e+02
           162   1.93827e+02   1.62000e+02  -1.23453e+01   1.18138e+01   1.92000e+02
           163   1.94890e+02   1.63000e+02  -1.21749e+01   1.18079e+01   1.93000e+02
           164   1.95942e+02   1.64000e+02  -1.20336e+01   1.18014e+01   1.94000e+02
           165   1.97000e+02   1.65000e+02  -1.18791e+01   1.17950e+01   1.95000e+02
           166   1.98060e+02   1.66000e+02  -1.17246e+01   1.17885e+01   1.96000e+02
           167   1.99117e+02   1.67000e+02  -1.15735e+01   1.17819e+01   1.97000e+02
           168   2.00163e+02   1.68000e+02  -1.14496e+01   1.17748e+01   1.98000e+02
           169   2.01218e+02   1.69000e+02  -1.13115e+01   1.17677e+01   1.99000e+02
           170   2.02275e+02   1.70000e+02  -1.11710e+01   1.17604e+01   2.00000e+02
           171   2.03327e+02   1.71000e+02  -1.10308e+01   1.17531e+01   2.01000e+02
           172   2.04374e+02   1.72000e+02  -1.09087e+01   1.17452e+01   2.02000e+02
           173   2.05427e+02   1.73000e+02  -1.07755e+01   1.17375e+01   2.03000e+02
           174   2.06479e+02   1.74000e+02  -1.06395e+01   1.17297e+01   2.04000e+02
           175   2.07526e+02   1.75000e+02  -1.05030e+01   1.17218e+01   2.05000e+02
           176   2.08570e+02   1.76000e+02  -1.03721e+01   1.17135e+01   2.06000e+02
           177   2.09620e+02   1.77000e+02  -1.02327e+01   1.17052e+01   2.07000e+02
           178   2.10678e+02   1.78000e+02  -1.00916e+01   1.16969e+01   2.08000e+02
           179   2.11726e+02   1.79000e+02  -9.95051e+00   1.16885e+01   2.09000e+02
           180   2.12779e+02   1.80000e+02  -9.80112e+00   1.16795e+01   2.10000e+02
           181   2.13828e+02   1.81000e+02  -9.65480e+00   1.16707e+01   2.11000e+02
           182   2.14881e+02   1.82000e+02  -9.50508e+00   1.16619e+01   2.12000e+02
           183   2.15930e+02   1.83000e+02  -9.35278e+00   1.16529e+01   2.13000e+02
           184   2.16983e+02   1.84000e+02  -9.18606e+00   1.16437e+01   2.14000e+02
           185   2.18041e+02   1.85000e+02  -9.02336e+00   1.16345e+01   2.15000e+02
           186   2.19095e+02   1.86000e+02  -8.85845e+00   1.16251e+01   2.16000e+02
           187   2.20135e+02   1.87000e+02  -8.69292e+00   1.16158e+01   2.17000e+02
           188   2.21186e+02   1.88000e+02  -8.51468e+00   1.16060e+01   2.18000e+02
           189   2.22235e+02   1.89000e+02  -8.34015e+00   1.15962e+01   2.19000e+02
           190   2.23295e+02   1.90000e+02  -8.16359e+00   1.15864e+01   2.20000e+02
           191   2.24348e+02   1.91000e+02  -7.98471e+00   1.15763e+01   2.21000e+02
           192   2.25400e+02   1.92000e+02  -7.78270e+00   1.15658e+01   2.22000e+02
           193   2.26451e+02   1.93000e+02  -7.59231e+00   1.15553e+01   2.23000e+02
           194   2.27508e+02   1.94000e+02  -7.40416e+00   1.15447e+01   2.24000e+02
           195   2.28564e+02   1.95000e+02  -7.21652e+00   1.15340e+01   2.25000e+02
           196   2.29606e+02   1.96000e+02  -7.01454e+00   1.15227e+01   2.26000e+02
           197   2.30662e+02   1.97000e+02  -6.81796e+00   1.15115e+01   2.27000e+02
           198   2.31712e+02   1.98000e+02  -6.61933e+00   1.15003e+01   2.28000e+02
           199   2.32767e+02   1.99000e+02  -6.41742e+00   1.14890e+01   2.29000e+02
           200   2.33818e+02   2.00000e+02  -6.20314e+00   1.14771e+01   2.30000e+02
           201   2.34870e+02   2.01000e+02  -5.99346e+00   1.14653e+01   2.31000e+02
           202   2.35924e+02   2.02000e+02  -5.78081e+00   1.14535e+01   2.32000e+02
           203   2.36963e+02   2.03000e+02  -5.56645e+00   1.14415e+01   2.33000e+02
           204   2.38017e+02   2.04000e+02  -5.33673e+00   1.14290e+01   2.34000e+02
           205   2.39067e+02   2.05000e+02  -5.10941e+00   1.14167e+01   2.35000e+02
           206   2.40121e+02   2.06000e+02  -4.88068e+00   1.14043e+01   2.36000e+02
           207   2.41178e+02   2.07000e+02  -4.64964e+00   1.13918e+01   2.37000e+02
           208   2.42226e+02   2.08000e+02  -4.39175e+00   1.13790e+01   2.38000e+02
           209   2.43270e+02   2.09000e+02  -4.14231e+00   1.13663e+01   2.39000e+02
           210   2.44329e+02   2.10000e+02  -3.89115e+00   1.13534e+01   2.40000e+02
           211   2.45383e+02   2.11000e+02  -3.63783e+00   1.13405e+01   2.41000e+02
           212   2.46438e+02   2.12000e+02  -3.35751e+00   1.13274e+01   2.42000e+02
           213   2.47492e+02   2.13000e+02  -3.08674e+00   1.13144e+01   2.43000e+02
           214   2.48542e+02   2.14000e+02  -2.81267e+00   1.13013e+01   2.44000e+02
           215   2.49592e+02   2.15000e+02  -2.53625e+00   1.12883e+01   2.45000e+02
           216   2.50645e+02   2.16000e+02  -2.23321e+00   1.12750e+01   2.46000e+02
           217   2.51702e+02   2.17000e+02  -1.94164e+00   1.12618e+01   2.47000e+02
           218   2.52760e+02   2.18000e+02  -1.65043e+00   1.12485e+01   2.48000e+02
           219   2.53817e+02   2.19000e+02  -1.35699e+00   1.12351e+01   2.49000e+02
           220   2.54866e+02   2.20000e+02  -1.03154e+00   1.12215e+01   2.50000e+02
           221   2.55920e+02   2.21000e+02  -7.18805e-01   1.12078e+01   2.51000e+02
           222   2.56988e+02   2.22000e+02  -4.07115e-01   1.11940e+01   2.52000e+02
           223   2.58044e+02   2.23000e+02  -9.53715e-02   1.11802e+01   2.53000e+02
           224   2.59094e+02   2.24000e+02   2.41507e-01   1.11656e+01   2.54000e+02
           225   2.60147e+02   2.25000e+02   5.67739e-01   1.11512e+01   2.55000e+02
           226   2.61203e+02   2.26000e+02   8.95245e-01   1.11365e+01   2.56000e+02
           227   2.62255e+02   2.27000e+02   1.22513e+00   1.11216e+01   2.57000e+02
           228   2.63316e+02   2.28000e+02   1.57686e+00   1.11058e+01   2.58000e+02
           229   2.64374e+02   2.29000e+02   1.91858e+00   1.10900e+01   2.59000e+02
           230   2.65436e+02   2.30000e+02   2.25981e+00   1.10740e+01   2.60000e+02
           231   2.66481e+02   2.31000e+02   2.60361e+00   1.10577e+01   2.61000e+02
           232   2.67535e+02   2.32000e+02   2.96589e+00   1.10403e+01   2.62000e+02
           233   2.68591e+02   2.33000e+02   3.32213e+00   1.10229e+01   2.63000e+02
           234   2.69647e+02   2.34000e+02   3.67944e+00   1.10052e+01   2.64000e+02
           235   2.70706e+02   2.35000e+02   4.03892e+00   1.09872e+01   2.65000e+02
           236   2.71760e+02   2.36000e+02   4.41980e+00   1.09678e+01   2.66000e+02
           237   2.72811e+02   2.37000e+02   4.79032e+00   1.09485e+01   2.67000e+02
           238   2.73866e+02   2.38000e+02   5.16108e+00   1.09289e+01   2.68000e+02
           239   2.74924e+02   2.39000e+02   5.53442e+00   1.09089e+01   2.69000e+02
           240   2.75980e+02   2.40000e+02   5.92723e+00   1.08871e+01   2.70000e+02
           241   2.77035e+02   2.41000e+02   6.31119e+00   1.08655e+01   2.71000e+02
           242   2.78091e+02   2.42000e+02   6.69532e+00   1.08435e+01   2.72000e+02
           243   2.79147e+02   2.43000e+02   7.08107e+00   1.08212e+01   2.73000e+02
           244   2.80203e+02   2.44000e+02   7.48726e+00   1.07968e+01   2.74000e+02
           245   2.81254e+02   2.45000e+02   7.88557e+00   1.07727e+01   2.75000e+02
           246   2.82309e+02   2.46000e+02   8.28202e+00   1.07481e+01   2.76000e+02
           247   2.83367e+02   2.47000e+02   8.67969e+00   1.07232e+01   2.77000e+02
           248   2.84423e+02   2.48000e+02   9.09389e+00   1.06963e+01   2.78000e+02
           249   2.85475e+02   2.49000e+02   9.50246e+00   1.06697e+01   2.79000e+02
           250   2.86534e+02   2.50000e+02   9.91162e+00   1.06426e+01   2.80000e+02
           251   2.87587e+02   2.51000e+02   1.03218e+01   1.06152e+01   2.81000e+02
           252   2.88645e+02   2.52000e+02   1.07478e+01   1.05861e+01   2.82000e+02
           253   2.89700e+02   2.53000e+02   1.11664e+01   1.05572e+01   2.83000e+02
           254   2.90755e+02   2.54000e+02   1.15833e+01   1.05279e+01   2.84000e+02
           255   2.91801e+02   2.55000e+02   1.20016e+01   1.04984e+01   2.85000e+02
           256   2.92858e+02   2.56000e+02   1.24279e+01   1.04672e+01   2.86000e+02
           257   2.93911e+02   2.57000e+02   1.28475e+01   1.04364e+01   2.87000e+02
           258   2.94970e+02   2.58000e+02   1.32676e+01   1.04054e+01   2.88000e+02
           259   2.96018e+02   2.59000e+02   1.36889e+01   1.03741e+01   2.89000e+02
           260   2.97075e+02   2.60000e+02   1.41222e+01   1.03416e+01   2.90000e+02
           261   2.98127e+02   2.61000e+02   1.45499e+01   1.03093e+01   2.91000e+02
           262   2.99173e+02   2.62000e+02   1.49753e+01   1.02769e+01   2.92000e+02
           263   3.00228e+02   2.63000e+02   1.53992e+01   1.02444e+01   2.93000e+02
           264   3.01278e+02   2.64000e+02   1.58216e+01   1.02110e+01   2.94000e+02
           265   3.02317e+02   2.65000e+02   1.62421e+01   1.01778e+01   2.95000e+02
           266   3.03376e+02   2.66000e+02   1.66594e+01   1.01445e+01   2.96000e+02
           267   3.04421e+02   2.67000e+02   1.70755e+01   1.01111e+01   2.97000e+02
           268   3.05477e+02   2.68000e+02   1.74911e+01   1.00772e+01   2.98000e+02
           269   3.06524e+02   2.69000e+02   1.79022e+01   1.00434e+01   2.99000e+02
           270   3.07574e+02   2.70000e+02   1.83109e+01   1.00097e+01   3.00000e+02
           271   3.08618e+02   2.71000e+02   1.87187e+01   9.97584e+00   3.01000e+02
           272   3.09660e+02   2.72000e+02   1.91051e+01   9.94171e+00   3.02000e+02
           273   3.10704e+02   2.73000e+02   1.94987e+01   9.90765e+00   3.03000e+02
           274   3.11745e+02   2.74000e+02   1.98929e+01   9.87359e+00   3.04000e+02
           275   3.12785e+02   2.75000e+02   2.02859e+01   9.83953e+00   3.05000e+02
           276   3.13828e+02   2.76000e+02   2.06570e+01   9.80532e+00   3.06000e+02
           277   3.14870e+02   2.77000e+02   2.10365e+01   9.77124e+00   3.07000e+02
           278   3.15908e+02   2.78000e+02   2.14152e+01   9.73724e+00   3.08000e+02
           279   3.16954e+02   2.79000e+02   2.17923e+01   9.70328e+00   3.09000e+02
           280   3.17993e+02   2.80000e+02   2.21457e+01   9.66943e+00   3.10000e+02
           281   3.19021e+02   2.81000e+02   2.25046e+01   9.63552e+00   3.11000e+02
           282   3.20067e+02   2.82000e+02   2.28634e+01   9.60164e+00   3.12000e+02
           283   3.21104e+02   2.83000e+02   2.32192e+01   9.56781e+00   3.13000e+02
           284   3.22140e+02   2.84000e+02   2.35509e+01   9.53414e+00   3.14000e+02
           285   3.23177e+02   2.85000e+02   2.38908e+01   9.50047e+00   3.15000e+02
           286   3.24208e+02   2.86000e+02   2.42311e+01   9.46685e+00   3.16000e+02
           287   3.25245e+02   2.87000e+02   2.45714e+01   9.43324e+00   3.17000e+02
           288   3.26274e+02   2.88000e+02   2.48833e+01   9.39991e+00   3.18000e+02
           289   3.27297e+02   2.89000e+02   2.52078e+01   9.36652e+00   3.19000e+02
           290   3.28336e+02   2.90000e+02   2.55333e+01   9.33312e+00   3.20000e+02
           291   3.29368e+02   2.91000e+02   2.58583e+01   9.29975e+00   3.21000e+02
           292   3.30392e+02   2.92000e+02   2.61569e+01   9.26645e+00   3.22000e+02
           293   3.31424e+02   2.93000e+02   2.64642e+01   9.23314e+00   3.23000e+02
           294   3.32451e+02   2.94000e+02   2.67720e+01   9.19983e+00   3.24000e+02
           295   3.33486e+02   2.95000e+02   2.70790e+01   9.16649e+00   3.25000e+02
           296   3.34515e+02   2.96000e+02   2.73674e+01   9.13314e+00   3.26000e+02
           297   3.35545e+02   2.97000e+02   2.76597e+01   9.09977e+00   3.27000e+02
           298   3.36570e+02   2.98000e+02   2.79538e+01   9.06640e+00   3.28000e+02
           299   3.37601e+02   2.99000e+02   2.82479e+01   9.03299e+00   3.29000e+02
           300   3.38624e+02   3.00000e+02   2.85224e+01   8.99946e+00   3.30000e+02
           301   3.39648e+02   3.01000e+02   2.88078e+01   8.96588e+00   3.31000e+02
           302   3.40670e+02   3.02000e+02   2.90942e+01   8.93223e+00   3.32000e+02
           303   3.41697e+02   3.03000e+02   2.93811e+01   8.89854e+00   3.33000e+02
           304   3.42721e+02   3.04000e+02   2.96500e+01   8.86457e+00   3.34000e+02
           305   3.43737e+02   3.05000e+02   2.99266e+01   8.83062e+00   3.35000e+02
           306   3.44769e+02   3.06000e+02   3.02056e+01   8.79660e+00   3.36000e+02
           307   3.45794e+02   3.07000e+02   3.04863e+01   8.76250e+00   3.37000e+02
           308   3.46823e+02   3.08000e+02   3.07689e+01   8.72794e+00   3.38000e+02
           309   3.47848e+02   3.09000e+02   3.10485e+01   8.69336e+00   3.39000e+02
           310   3.48863e+02   3.10000e+02   3.13277e+01   8.65861e+00   3.40000e+02
           311   3.49891e+02   3.11000e+02   3.16082e+01   8.62372e+00   3.41000e+02
           312   3.50913e+02   3.12000e+02   3.18805e+01   8.58812e+00   3.42000e+02
           313   3.51934e+02   3.13000e+02   3.21574e+01   8.55258e+00   3.43000e+02
           314   3.52955e+02   3.14000e+02   3.24369e+01   8.51685e+00   3.44000e+02
           315   3.53982e+02   3.15000e+02   3.27179e+01   8.48097e+00   3.45000e+02
           316   3.55010e+02   3.16000e+02   3.30046e+01   8.44413e+00   3.46000e+02
           317   3.56033e+02   3.17000e+02   3.32901e+01   8.40734e+00   3.47000e+02
           318   3.57046e+02   3.18000e+02   3.35751e+01   8.37028e+00   3.48000e+02
           319   3.58073e+02   3.19000e+02   3.38598e+01   8.33301e+00   3.49000e+02
           320   3.59090e+02   3.20000e+02   3.41490e+01   8.29451e+00   3.50000e+02
           321   3.60111e+02   3.21000e+02   3.44390e+01   8.25616e+00   3.51000e+02
           322   3.61137e+02   3.22000e+02   3.47306e+01   8.21750e+00   3.52000e+02
           323   3.62163e+02   3.23000e+02   3.50242e+01   8.17859e+00   3.53000e+02
           324   3.63181e+02   3.24000e+02   3.53280e+01   8.13829e+00   3.54000e+02
           325   3.64211e+02   3.25000e+02   3.56251e+01   8.09807e+00   3.55000e+02
           326   3.65231e+02   3.26000e+02   3.59195e+01   8.05752e+00   3.56000e+02
           327   3.66249e+02   3.27000e+02   3.62151e+01   8.01663e+00   3.57000e+02
           328   3.67274e+02   3.28000e+02   3.65233e+01   7.97409e+00   3.58000e+02
           329   3.68298e+02   3.29000e+02   3.68296e+01   7.93180e+00   3.59000e+02
           330   3.69321e+02   3.30000e+02   3.71381e+01   7.88918e+00   3.60000e+02
           331   3.70339e+02   3.31000e+02   3.74481e+01   7.84627e+00   3.61000e+02
           332   3.71364e+02   3.32000e+02   3.77668e+01   7.80187e+00   3.62000e+02
           333   3.72383e+02   3.33000e+02   3.80807e+01   7.75774e+00   3.63000e+02
           334   3.73397e+02   3.34000e+02   3.83948e+01   7.71338e+00   3.64000e+02
           335   3.74417e+02   3.35000e+02   3.87100e+01   7.66880e+00   3.65000e+02
           336   3.75443e+02   3.36000e+02   3.90383e+01   7.62316e+00   3.66000e+02
           337   3.76465e+02   3.37000e+02   3.93590e+01   7.57790e+00   3.67000e+02
           338   3.77492e+02   3.38000e+02   3.96782e+01   7.53267e+00   3.68000e+02
           339   3.78513e+02   3.39000e+02   3.99981e+01   7.48742e+00   3.69000e+02
           340   3.79536e+02   3.40000e+02   4.03247e+01   7.44203e+00   3.70000e+02
           341   3.80553e+02   3.41000e+02   4.06452e+01   7.39696e+00   3.71000e+02
           342   3.81572e+02   3.42000e+02   4.09665e+01   7.35209e+00   3.72000e+02
           343   3.82591e+02   3.43000e+02   4.12905e+01   7.30738e+00   3.73000e+02
           344   3.83612e+02   3.44000e+02   4.16152e+01   7.26369e+00   3.74000e+02
           345   3.84632e+02   3.45000e+02   4.19391e+01   7.22007e+00   3.75000e+02
           346   3.85646e+02   3.46000e+02   4.22636e+01   7.17692e+00   3.76000e+02
           347   3.86669e+02   3.47000e+02   4.25896e+01   7.13415e+00   3.77000e+02
           348   3.87681e+02   3.48000e+02   4.29185e+01   7.09320e+00   3.78000e+02
           349   3.88695e+02   3.49000e+02   4.32465e+01   7.05185e+00   3.79000e+02
           350   3.89717e+02   3.50000e+02   4.35742e+01   7.01062e+00   3.80000e+02
           351   3.90738e+02   3.51000e+02   4.39036e+01   6.97028e+00   3.81000e+02
           352   3.91759e+02   3.52000e+02   4.42430e+01   6.93252e+00   3.82000e+02
           353   3.92772e+02   3.53000e+02   4.45734e+01   6.89465e+00   3.83000e+02
           354   3.93790e+02   3.54000e+02   4.49001e+01   6.85755e+00   3.84000e+02
           355   3.94810e+02   3.55000e+02   4.52246e+01   6.82110e+00   3.85000e+02
           356   3.95829e+02   3.56000e+02   4.55518e+01   6.78710e+00   3.86000e+02
           357   3.96846e+02   3.57000e+02   4.58770e+01   6.75311e+00   3.87000e+02
           358   3.97862e+02   3.58000e+02   4.62016e+01   6.71984e+00   3.88000e+02
           359   3.98875e+02   3.59000e+02   4.65260e+01   6.68720e+00   3.89000e+02
           360   3.99899e+02   3.60000e+02   4.68402e+01   6.65704e+00   3.90000e+02
           361   4.00905e+02   3.61000e+02   4.71559e+01   6.62682e+00   3.91000e+02
           362   4.01921e+02   3.62000e+02   4.74700e+01   6.59733e+00   3.92000e+02
           363   4.02930e+02   3.63000e+02   4.77830e+01   6.56844e+00   3.93000e+02
           364   4.03947e+02   3.64000e+02   4.80796e+01   6.54195e+00   3.94000e+02
           365   4.04963e+02   3.65000e+02   4.83815e+01   6.51543e+00   3.95000e+02
           366   4.05981e+02   3.66000e+02   4.86818e+01   6.48997e+00   3.96000e+02
           367   4.06991e+02   3.67000e+02   4.89823e+01   6.46581e+00   3.97000e+02
           368   4.07998e+02   3.68000e+02   4.92709e+01   6.44288e+00   3.98000e+02
           369   4.09008e+02   3.69000e+02   4.95607e+01   6.41956e+00   3.99000e+02
           370   4.10019e+02   3.70000e+02   4.98465e+01   6.39673e+00   4.00000e+02
           371   4.11031e+02   3.71000e+02   5.01311e+01   6.37542e+00   4.01000e+02
           372   4.12036e+02   3.72000e+02   5.03905e+01   6.35541e+00   4.02000e+02
           373   4.13046e+02   3.73000e+02   5.06588e+01   6.33509e+00   4.03000e+02
           374   4.14054e+02   3.74000e+02   5.09289e+01   6.31521e+00   4.04000e+02
           375   4.15056e+02   3.75000e+02   5.11975e+01   6.29571e+00   4.05000e+02
           376   4.16074e+02   3.76000e+02   5.14463e+01   6.27784e+00   4.06000e+02
           377   4.17075e+02   3.77000e+02   5.17022e+01   6.25963e+00   4.07000e+02
           378   4.18078e+02   3.78000e+02   5.19565e+01   6.24167e+00   4.08000e+02
           379   4.19085e+02   3.79000e+02   5.22095e+01   6.22397e+00   4.09000e+02
           380   4.20090e+02   3.80000e+02   5.24357e+01   6.20762e+00   4.10000e+02
           381   4.21084e+02   3.81000e+02   5.26735e+01   6.19096e+00   4.11000e+02
           382   4.22101e+02   3.82000e+02   5.29117e+01   6.17450e+00   4.12000e+02
           383   4.23102e+02   3.83000e+02   5.31487e+01   6.15822e+00   4.13000e+02
           384   4.24109e+02   3.84000e+02   5.33700e+01   6.14290e+00   4.14000e+02
           385   4.25109e+02   3.85000e+02   5.35972e+01   6.12731e+00   4.15000e+02
           386   4.26110e+02   3.86000e+02   5.38246e+01   6.11179e+00   4.16000e+02
           387   4.27111e+02   3.87000e+02   5.40512e+01   6.09636e+00   4.17000e+02
           388   4.28114e+02   3.88000e+02   5.42629e+01   6.08154e+00   4.18000e+02
           389   4.29115e+02   3.89000e+02   5.44819e+01   6.06661e+00   4.19000e+02
           390   4.30116e+02   3.90000e+02   5.47012e+01   6.05173e+00   4.20000e+02
           391   4.31113e+02   3.91000e+02   5.49203e+01   6.03693e+00   4.21000e+02
           392   4.32110e+02   3.92000e+02   5.51250e+01   6.02259e+00   4.22000e+02
           393   4.33113e+02   3.93000e+02   5.53355e+01   6.00815e+00   4.23000e+02
           394   4.34111e+02   3.94000e+02   5.55455e+01   5.99379e+00   4.24000e+02
           395   4.35112e+02   3.95000e+02   5.57534e+01   5.97955e+00   4.25000e+02
           396   4.36113e+02   3.96000e+02   5.59487e+01   5.96563e+00   4.26000e+02
           397   4.37114e+02   3.97000e+02   5.61427e+01   5.95164e+00   4.27000e+02
           398   4.38108e+02   3.98000e+02   5.63317e+01   5.93772e+00   4.28000e+02
           399   4.39109e+02   3.99000e+02   5.65169e+01   5.92384e+00   4.29000e+02
           400   4.40101e+02   4.00000e+02   5.66784e+01   5.91029e+00   4.30000e+02
           401   4.41100e+02   4.01000e+02   5.68482e+01   5.89671e+00   4.31000e+02
           402   4.42099e+02   4.02000e+02   5.70176e+01   5.88320e+00   4.32000e+02
           403   4.43093e+02   4.03000e+02   5.71847e+01   5.86976e+00   4.33000e+02
           404   4.44085e+02   4.04000e+02   5.73141e+01   5.85662e+00   4.34000e+02
           405   4.45078e+02   4.05000e+02   5.74568e+01   5.84344e+00   4.35000e+02
           406   4.46069e+02   4.06000e+02   5.76004e+01   5.83035e+00   4.36000e+02
           407   4.47055e+02   4.07000e+02   5.77414e+01   5.81731e+00   4.37000e+02
           408   4.48045e+02   4.08000e+02   5.78439e+01   5.80448e+00   4.38000e+02
           409   4.49038e+02   4.09000e+02   5.79607e+01   5.79159e+00   4.39000e+02
           410   4.50028e+02   4.10000e+02   5.80747e+01   5.77878e+00   4.40000e+02
           411   4.51025e+02   4.11000e+02   5.81837e+01   5.76603e+00   4.41000e+02
           412   4.52012e+02   4.12000e+02   5.82618e+01   5.75346e+00   4.42000e+02
           413   4.52992e+02   4.13000e+02   5.83504e+01   5.74096e+00   4.43000e+02
           414   4.53984e+02   4.14000e+02   5.84363e+01   5.72856e+00   4.44000e+02
           415   4.54974e+02   4.15000e+02   5.85192e+01   5.71623e+00   4.45000e+02
           416   4.55959e+02   4.16000e+02   5.85596e+01   5.70409e+00   4.46000e+02
           417   4.56939e+02   4.17000e+02   5.86193e+01   5.69189e+00   4.47000e+02
           418   4.57928e+02   4.18000e+02   5.86792e+01   5.67978e+00   4.48000e+02
           419   4.58903e+02   4.19000e+02   5.87365e+01   5.66771e+00   4.49000e+02
           420   4.59888e+02   4.20000e+02   5.87597e+01   5.65586e+00   4.50000e+02
           421   4.60875e+02   4.21000e+02   5.88006e+01   5.64405e+00   4.51000e+02
           422   4.61855e+02   4.22000e+02   5.88416e+01   5.63231e+00   4.52000e+02
           423   4.62836e+02   4.23000e+02   5.88809e+01   5.62061e+00   4.53000e+02
           424   4.63815e+02   4.24000e+02   5.88880e+01   5.60927e+00   4.54000e+02
           425   4.64797e+02   4.25000e+02   5.89043e+01   5.59779e+00   4.55000e+02
           426   4.65783e+02   4.26000e+02   5.89224e+01   5.58635e+00   4.56000e+02
           427   4.66759e+02   4.27000e+02   5.89396e+01   5.57495e+00   4.57000e+02
           428   4.67743e+02   4.28000e+02   5.89327e+01   5.56373e+00   4.58000e+02
           429   4.68729e+02   4.29000e+02   5.89323e+01   5.55250e+00   4.59000e+02
           430   4.69701e+02   4.30000e+02   5.89301e+01   5.54130e+00   4.60000e+02
           431   4.70684e+02   4.31000e+02   5.89245e+01   5.53013e+00   4.61000e+02
           432   4.71656e+02   4.32000e+02   5.88905e+01   5.51914e+00   4.62000e+02
           433   4.72631e+02   4.33000e+02   5.88701e+01   5.50811e+00   4.63000e+02
           434   4.73608e+02   4.34000e+02   5.88485e+01   5.49716e+00   4.64000e+02
           435   4.74593e+02   4.35000e+02   5.88251e+01   5.48622e+00   4.65000e+02
           436   4.75563e+02   4.36000e+02   5.87805e+01   5.47538e+00   4.66000e+02
           437   4.76545e+02   4.37000e+02   5.87485e+01   5.46452e+00   4.67000e+02
           438   4.77517e+02   4.38000e+02   5.87171e+01   5.45371e+00   4.68000e+02
           439   4.78494e+02   4.39000e+02   5.86827e+01   5.44291e+00   4.69000e+02
           440   4.79466e+02   4.40000e+02   5.86270e+01   5.43218e+00   4.70000e+02
           441   4.80448e+02   4.41000e+02   5.85829e+01   5.42149e+00   4.71000e+02
           442   4.81419e+02   4.42000e+02   5.85394e+01   5.41085e+00   4.72000e+02
           443   4.82395e+02   4.43000e+02   5.84949e+01   5.40021e+00   4.73000e+02
           444   4.83370e+02   4.44000e+02   5.84427e+01   5.38972e+00   4.74000e+02
           445   4.84353e+02   4.45000e+02   5.83937e+01   5.37918e+00   4.75000e+02
           446   4.85328e+02   4.46000e+02   5.83466e+01   5.36869e+00   4.76000e+02
           447   4.86305e+02   4.47000e+02   5.83013e+01   5.35825e+00   4.77000e+02
           448   4.87270e+02   4.48000e+02   5.82450e+01   5.34788e+00   4.78000e+02
           449   4.88252e+02   4.49000e+02   5.81955e+01   5.33751e+00   4.79000e+02
           450   4.89228e+02   4.50000e+02   5.81499e+01   5.32720e+00   4.80000e+02
           451   4.90202e+02   4.51000e+02   5.81049e+01   5.31693e+00   4.81000e+02
           452   4.91182e+02   4.52000e+02   5.80569e+01   5.30678e+00   4.82000e+02
           453   4.92154e+02   4.53000e+02   5.80090e+01   5.29658e+00   4.83000e+02
           454   4.93129e+02   4.54000e+02   5.79634e+01   5.28637e+00   4.84000e+02
           455   4.94112e+02   4.55000e+02   5.79181e+01   5.27614e+00   4.85000e+02
           456   4.95084e+02   4.56000e+02   5.78850e+01   5.26598e+00   4.86000e+02
           457   4.96058e+02   4.57000e+02   5.78484e+01   5.25580e+00   4.87000e+02
           458   4.97038e+02   4.58000e+02   5.78107e+01   5.24563e+00   4.88000e+02
           459   4.98015e+02   4.59000e+02   5.77720e+01   5.23547e+00   4.89000e+02
           460   4.98989e+02   4.60000e+02   5.77430e+01   5.22518e+00   4.90000e+02
           461   4.99958e+02   4.61000e+02   5.77126e+01   5.21486e+00   4.91000e+02
           462   5.00942e+02   4.62000e+02   5.76797e+01   5.20455e+00   4.92000e+02
           463   5.01918e+02   4.63000e+02   5.76444e+01   5.19425e+00   4.93000e+02
           464   5.02901e+02   4.64000e+02   5.76264e+01   5.18377e+00   4.94000e+02
           465   5.03878e+02   4.65000e+02   5.76007e+01   5.17330e+00   4.95000e+02
           466   5.04858e+02   4.66000e+02   5.75707e+01   5.16285e+00   4.96000e+02
           467   5.05823e+02   4.67000e+02   5.75405e+01   5.15236e+00   4.97000e+02
           468   5.06808e+02   4.68000e+02   5.75151e+01   5.14179e+00   4.98000e+02
           469   5.07779e+02   4.69000e+02   5.74875e+01   5.13117e+00   4.99000e+02
           470   5.08762e+02   4.70000e+02   5.74592e+01   5.12056e+00   5.00000e+02
           471   5.09725e+02   4.71000e+02   5.74302e+01   5.10993e+00   5.01000e+02
           472   5.10703e+02   4.72000e+02   5.73962e+01   5.09916e+00   5.02000e+02
           473   5.11685e+02   4.73000e+02   5.73600e+01   5.08840e+00   5.03000e+02
           474   5.12656e+02   4.74000e+02   5.73196e+01   5.07760e+00   5.04000e+02
           475   5.13627e+02   4.75000e+02   5.72766e+01   5.06677e+00   5.05000e+02
           476   5.14605e+02   4.76000e+02   5.72195e+01   5.05579e+00   5.06000e+02
           477   5.15580e+02   4.77000e+02   5.71612e+01   5.04489e+00   5.07000e+02
           478   5.16552e+02   4.78000e+02   5.71011e+01   5.03404e+00   5.08000e+02
           479   5.17527e+02   4.79000e+02   5.70391e+01   5.02320e+00   5.09000e+02
           480   5.18501e+02   4.80000e+02   5.69471e+01   5.01244e+00   5.10000e+02
           481   5.19469e+02   4.81000e+02   5.68678e+01   5.00168e+00   5.11000e+02
           482   5.20438e+02   4.82000e+02   5.67873e+01   4.99094e+00   5.12000e+02
           483   5.21410e+02   4.83000e+02   5.67042e+01   4.98024e+00   5.13000e+02
           484   5.22369e+02   4.84000e+02   5.65824e+01   4.96980e+00   5.14000e+02
           485   5.23335e+02   4.85000e+02   5.64786e+01   4.95936e+00   5.15000e+02
           486   5.24306e+02   4.86000e+02   5.63744e+01   4.94905e+00   5.16000e+02
           487   5.25280e+02   4.87000e+02   5.62682e+01   4.93880e+00   5.17000e+02
           488   5.26240e+02   4.88000e+02   5.61424e+01   4.92899e+00   5.18000e+02
           489   5.27207e+02   4.89000e+02   5.60258e+01   4.91917e+00   5.19000e+02
           490   5.28176e+02   4.90000e+02   5.59104e+01   4.90950e+00   5.20000e+02
           491   5.29144e+02   4.91000e+02   5.57956e+01   4.89998e+00   5.21000e+02
           492   5.30111e+02   4.92000e+02   5.56566e+01   4.89113e+00   5.22000e+02
           493   5.31076e+02   4.93000e+02   5.55264e+01   4.88222e+00   5.23000e+02
           494   5.32036e+02   4.94000e+02   5.53971e+01   4.87344e+00   5.24000e+02
           495   5.33002e+02   4.95000e+02   5.52690e+01   4.86478e+00   5.25000e+02
           496   5.33969e+02   4.96000e+02   5.51331e+01   4.85677e+00   5.26000e+02
           497   5.34939e+02   4.97000e+02   5.50024e+01   4.84864e+00   5.27000e+02
           498   5.35904e+02   4.98000e+02   5.48708e+01   4.84061e+00   5.28000e+02
           499   5.36871e+02   4.99000e+02   5.47402e+01   4.83264e+00   5.29000e+02
           500   5.37840e+02   5.00000e+02   5.46093e+01   4.82517e+00   5.30000e+02
           501   5.38801e+02   5.01000e+02   5.44784e+01   4.81768e+00   5.31000e+02
           502   5.39762e+02   5.02000e+02   5.43459e+01   4.81026e+00   5.32000e+02
           503   5.40728e+02   5.03000e+02   5.42121e+01   4.80285e+00   5.33000e+02
           504   5.41702e+02   5.04000e+02   5.40851e+01   4.79593e+00   5.34000e+02
           505   5.42669e+02   5.05000e+02   5.39573e+01   4.78889e+00   5.35000e+02
           506   5.43630e+02   5.06000e+02   5.38270e+01   4.78192e+00   5.36000e+02
           507   5.44594e+02   5.07000e+02   5.36942e+01   4.77498e+00   5.37000e+02
           508   5.45568e+02   5.08000e+02   5.35591e+01   4.76836e+00   5.38000e+02
           509   5.46530e+02   5.09000e+02   5.34207e+01   4.76166e+00   5.39000e+02
           510   5.47496e+02   5.10000e+02   5.32813e+01   4.75499e+00   5.40000e+02
           511   5.48455e+02   5.11000e+02   5.31436e+01   4.74833e+00   5.41000e+02
           512   5.49431e+02   5.12000e+02   5.30064e+01   4.74191e+00   5.42000e+02
           513   5.50395e+02   5.13000e+02   5.28717e+01   4.73546e+00   5.43000e+02
           514   5.51362e+02   5.14000e+02   5.27362e+01   4.72903e+00   5.44000e+02
           515   5.52321e+02   5.15000e+02   5.25970e+01   4.72259e+00   5.45000e+02
           516   5.53283e+02   5.16000e+02   5.24452e+01   4.71632e+00   5.46000e+02
           517   5.54249e+02   5.17000e+02   5.23005e+01   4.70999e+00   5.47000e+02
           518   5.55209e+02   5.18000e+02   5.21554e+01   4.70363e+00   5.48000e+02
           519   5.56181e+02   5.19000e+02   5.20099e+01   4.69729e+00   5.49000e+02
           520   5.57154e+02   5.20000e+02   5.18723e+01   4.69103e+00   5.50000e+02
           521   5.58113e+02   5.21000e+02   5.17296e+01   4.68478e+00   5.51000e+02
           522   5.59085e+02   5.22000e+02   5.15844e+01   4.67856e+00   5.52000e+02
           523   5.60043e+02   5.23000e+02   5.14370e+01   4.67237e+00   5.53000e+02
           524   5.61003e+02   5.24000e+02   5.12765e+01   4.66629e+00   5.54000e+02
           525   5.61977e+02   5.25000e+02   5.11262e+01   4.66019e+00   5.55000e+02
           526   5.62934e+02   5.26000e+02   5.09770e+01   4.65411e+00   5.56000e+02
           527   5.63896e+02   5.27000e+02   5.08255e+01   4.64804e+00   5.57000e+02
           528   5.64863e+02   5.28000e+02   5.06692e+01   4.64207e+00   5.58000e+02
           529   5.65833e+02   5.29000e+02   5.05122e+01   4.63608e+00   5.59000e+02
           530   5.66796e+02   5.30000e+02   5.03539e+01   4.63010e+00   5.60000e+02
           531   5.67755e+02   5.31000e+02   5.01965e+01   4.62413e+00   5.61000e+02
           532   5.68719e+02   5.32000e+02   5.00345e+01   4.61834e+00   5.62000e+02
           533   5.69688e+02   5.33000e+02   4.98798e+01   4.61254e+00   5.63000e+02
           534   5.70656e+02   5.34000e+02   4.97297e+01   4.60674e+00   5.64000e+02
           535   5.71616e+02   5.35000e+02   4.95793e+01   4.60094e+00   5.65000e+02
           536   5.72571e+02   5.36000e+02   4.94131e+01   4.59525e+00   5.66000e+02
           537   5.73538e+02   5.37000e+02   4.92546e+01   4.58949e+00   5.67000e+02
           538   5.74500e+02   5.38000e+02   4.90980e+01   4.58375e+00   5.68000e+02
           539   5.75466e+02   5.39000e+02   4.89409e+01   4.57800e+00   5.69000e+02
           540   5.76433e+02   5.40000e+02   4.87946e+01   4.57216e+00   5.70000e+02
           541   5.77398e+02   5.41000e+02   4.86443e+01   4.56636e+00   5.71000e+02
           542   5.78372e+02   5.42000e+02   4.84925e+01   4.56062e+00   5.72000e+02
           543   5.79340e+02   5.43000e+02   4.83383e+01   4.55487e+00   5.73000e+02
           544   5.80292e+02   5.44000e+02   4.81767e+01   4.54921e+00   5.74000e+02
           545   5.81257e+02   5.45000e+02   4.80209e+01   4.54353e+00   5.75000e+02
           546   5.82222e+02   5.46000e+02   4.78702e+01   4.53785e+00   5.76000e+02
           547   5.83185e+02   5.47000e+02   4.77201e+01   4.53220e+00   5.77000e+02
           548   5.84149e+02   5.48000e+02   4.75723e+01   4.52661e+00   5.78000e+02
           549   5.85117e+02   5.49000e+02   4.74247e+01   4.52096e+00   5.79000e+02
           550   5.86087e+02   5.50000e+02   4.72764e+01   4.51533e+00   5.80000e+02
           551   5.87047e+02   5.51000e+02   4.71287e+01   4.50969e+00   5.81000e+02
           552   5.88002e+02   5.52000e+02   4.69882e+01   4.50407e+00   5.82000e+02
           553   5.88971e+02   5.53000e+02   4.68449e+01   4.49846e+00   5.83000e+02
           554   5.89943e+02   5.54000e+02   4.67037e+01   4.49291e+00   5.84000e+02
           555   5.90912e+02   5.55000e+02   4.65665e+01   4.48741e+00   5.85000e+02
           556   5.91875e+02   5.56000e+02   4.64467e+01   4.48198e+00   5.86000e+02
           557   5.92844e+02   5.57000e+02   4.63168e+01   4.47652e+00   5.87000e+02
           558   5.93806e+02   5.58000e+02   4.61886e+01   4.47105e+00   5.88000e+02
           559   5.94767e+02   5.59000e+02   4.60614e+01   4.46560e+00   5.89000e+02
           560   5.95742e+02   5.60000e+02   4.59401e+01   4.46013e+00   5.90000e+02
           561   5.96705e+02   5.61000e+02   4.58164e+01   4.45470e+00   5.91000e+02
           562   5.97665e+02   5.62000e+02   4.56923e+01   4.44928e+00   5.92000e+02
           563   5.98638e+02   5.63000e+02   4.55700e+01   4.44384e+00   5.93000e+02
           564   5.99610e+02   5.64000e+02   4.54584e+01   4.43845e+00   5.94000e+02
           565   6.00574e+02   5.65000e+02   4.53382e+01   4.43311e+00   5.95000e+02
           566   6.01539e+02   5.66000e+02   4.52168e+01   4.42778e+00   5.96000e+02
           567   6.02513e+02   5.67000e+02   4.50967e+01   4.42243e+00   5.97000e+02
           568   6.03472e+02   5.68000e+02   4.49765e+01   4.41719e+00   5.98000e+02
           569   6.04443e+02   5.69000e+02   4.48554e+01   4.41193e+00   5.99000e+02
           570   6.05408e+02   5.70000e+02   4.47379e+01   4.40670e+00   6.00000e+02
           571   6.06380e+02   5.71000e+02   4.46256e+01   4.40149e+00   6.01000e+02
           572   6.07342e+02   5.72000e+02   4.45254e+01   4.39634e+00   6.02000e+02
           573   6.08312e+02   5.73000e+02   4.44180e+01   4.39112e+00   6.03000e+02
           574   6.09276e+02   5.74000e+02   4.43033e+01   4.38592e+00   6.04000e+02
           575   6.10248e+02   5.75000e+02   4.41887e+01   4.38072e+00   6.05000e+02
           576   6.11215e+02   5.76000e+02   4.40906e+01   4.37557e+00   6.06000e+02
           577   6.12177e+02   5.77000e+02   4.39882e+01   4.37042e+00   6.07000e+02
           578   6.13145e+02   5.78000e+02   4.38840e+01   4.36530e+00   6.08000e+02
           579   6.14121e+02   5.79000e+02   4.37802e+01   4.36019e+00   6.09000e+02
           580   6.15101e+02   5.80000e+02   4.36958e+01   4.35516e+00   6.10000e+02
           581   6.16071e+02   5.81000e+02   4.36010e+01   4.35010e+00   6.11000e+02
           582   6.17022e+02   5.82000e+02   4.35033e+01   4.34506e+00   6.12000e+02
           583   6.17987e+02   5.83000e+02   4.34042e+01   4.34002e+00   6.13000e+02
           584   6.18961e+02   5.84000e+02   4.33029e+01   4.33503e+00   6.14000e+02
           585   6.19935e+02   5.85000e+02   4.32081e+01   4.33002e+00   6.15000e+02
           586   6.20902e+02   5.86000e+02   4.31188e+01   4.32501e+00   6.16000e+02
           587   6.21866e+02   5.87000e+02   4.30344e+01   4.32000e+00   6.17000e+02
           588   6.22834e+02   5.88000e+02   4.29573e+01   4.31500e+00   6.18000e+02
           589   6.23808e+02   5.89000e+02   4.28718e+01   4.31000e+00   6.19000e+02
           590   6.24777e+02   5.90000e+02   4.27860e+01   4.30503e+00   6.20000e+02
           591   6.25740e+02   5.91000e+02   4.27005e+01   4.30011e+00   6.21000e+02
           592   6.26706e+02   5.92000e+02   4.26234e+01   4.29523e+00   6.22000e+02
           593   6.27681e+02   5.93000e+02   4.25437e+01   4.29035e+00   6.23000e+02
           594   6.28648e+02   5.94000e+02   4.24619e+01   4.28549e+00   6.24000e+02
           595   6.29625e+02   5.95000e+02   4.23788e+01   4.28068e+00   6.25000e+02
           596   6.30595e+02   5.96000e+02   4.23017e+01   4.27595e+00   6.26000e+02
           597   6.31557e+02   5.97000e+02   4.22131e+01   4.27116e+00   6.27000e+02
           598   6.32526e+02   5.98000e+02   4.21227e+01   4.26637e+00   6.28000e+02
           599   6.33492e+02   5.99000e+02   4.20340e+01   4.26163e+00   6.29000e+02
           600   6.34463e+02   6.00000e+02   4.19358e+01   4.25689e+00   6.30000e+02
           601   6.35433e+02   6.01000e+02   4.18418e+01   4.25215e+00   6.31000e+02
           602   6.36403e+02   6.02000e+02   4.17489e+01   4.24744e+00   6.32000e+02
           603   6.37365e+02   6.03000e+02   4.16567e+01   4.24274e+00   6.33000e+02
           604   6.38332e+02   6.04000e+02   4.15547e+01   4.23804e+00   6.34000e+02
           605   6.39292e+02   6.05000e+02   4.14662e+01   4.23337e+00   6.35000e+02
           606   6.40260e+02   6.06000e+02   4.13785e+01   4.22871e+00   6.36000e+02
           607   6.41232e+02   6.07000e+02   4.12884e+01   4.22408e+00   6.37000e+02
           608   6.42200e+02   6.08000e+02   4.12012e+01   4.21945e+00   6.38000e+02
           609   6.43164e+02   6.09000e+02   4.11149e+01   4.21481e+00   6.39000e+02
           610   6.44134e+02   6.10000e+02   4.10265e+01   4.21019e+00   6.40000e+02
           611   6.45102e+02   6.11000e+02   4.09353e+01   4.20556e+00   6.41000e+02
           612   6.46070e+02   6.12000e+02   4.08456e+01   4.20099e+00   6.42000e+02
           613   6.47048e+02   6.13000e+02   4.07519e+01   4.19641e+00   6.43000e+02
           614   6.48016e+02   6.14000e+02   4.06616e+01   4.19186e+00   6.44000e+02
           615   6.48982e+02   6.15000e+02   4.05755e+01   4.18728e+00   6.45000e+02
           616   6.49946e+02   6.16000e+02   4.04793e+01   4.18281e+00   6.46000e+02
           617   6.50918e+02   6.17000e+02   4.03889e+01   4.17829e+00   6.47000e+02
           618   6.51890e+02   6.18000e+02   4.02997e+01   4.17378e+00   6.48000e+02
           619   6.52853e+02   6.19000e+02   4.02096e+01   4.16925e+00   6.49000e+02
           620   6.53815e+02   6.20000e+02   4.01109e+01   4.16477e+00   6.50000e+02
           621   6.54781e+02   6.21000e+02   4.00150e+01   4.16027e+00   6.51000e+02
           622   6.55754e+02   6.22000e+02   3.99152e+01   4.15580e+00   6.52000e+02
           623   6.56734e+02   6.23000e+02   3.98118e+01   4.15136e+00   6.53000e+02
           624   6.57699e+02   6.24000e+02   3.97164e+01   4.14692e+00   6.54000e+02
           625   6.58665e+02   6.25000e+02   3.96122e+01   4.14251e+00   6.55000e+02
           626   6.59638e+02   6.26000e+02   3.95072e+01   4.13812e+00   6.56000e+02
           627   6.60604e+02   6.27000e+02   3.94036e+01   4.13371e+00   6.57000e+02
           628   6.61572e+02   6.28000e+02   3.92778e+01   4.12937e+00   6.58000e+02
           629   6.62542e+02   6.29000e+02   3.91603e+01   4.12502e+00   6.59000e+02
           630   6.63508e+02   6.30000e+02   3.90468e+01   4.12065e+00   6.60000e+02
           631   6.64469e+02   6.31000e+02   3.89345e+01   4.11630e+00   6.61000e+02
           632   6.65440e+02   6.32000e+02   3.87994e+01   4.11201e+00   6.62000e+02
           633   6.66406e+02   6.33000e+02   3.86685e+01   4.10767e+00   6.63000e+02
           634   6.67375e+02   6.34000e+02   3.85406e+01   4.10334e+00   6.64000e+02
           635   6.68347e+02   6.35000e+02   3.84136e+01   4.09903e+00   6.65000e+02
           636   6.69318e+02   6.36000e+02   3.82901e+01   4.09476e+00   6.66000e+02
           637   6.70282e+02   6.37000e+02   3.81627e+01   4.09045e+00   6.67000e+02
           638   6.71249e+02   6.38000e+02   3.80336e+01   4.08616e+00   6.68000e+02
           639   6.72223e+02   6.39000e+02   3.79045e+01   4.08189e+00   6.69000e+02
           640   6.73192e+02   6.40000e+02   3.77573e+01   4.07767e+00   6.70000e+02
           641   6.74145e+02   6.41000e+02   3.76200e+01   4.07339e+00   6.71000e+02
           642   6.75118e+02   6.42000e+02   3.74848e+01   4.06913e+00   6.72000e+02
           643   6.76088e+02   6.43000e+02   3.73479e+01   4.06488e+00   6.73000e+02
           644   6.77066e+02   6.44000e+02   3.72093e+01   4.06068e+00   6.74000e+02
           645   6.78032e+02   6.45000e+02   3.70710e+01   4.05650e+00   6.75000e+02
           646   6.78997e+02   6.46000e+02   3.69313e+01   4.05232e+00   6.76000e+02
           647   6.79970e+02   6.47000e+02   3.67901e+01   4.04810e+00   6.77000e+02
           648   6.80935e+02   6.48000e+02   3.66464e+01   4.04394e+00   6.78000e+02
           649   6.81906e+02   6.49000e+02   3.65065e+01   4.03977e+00   6.79000e+02
           650   6.82875e+02   6.50000e+02   3.63621e+01   4.03561e+00   6.80000e+02
           651   6.83844e+02   6.51000e+02   3.62145e+01   4.03146e+00   6.81000e+02
           652   6.84811e+02   6.52000e+02   3.60628e+01   4.02732e+00   6.82000e+02
           653   6.85781e+02   6.53000e+02   3.59154e+01   4.02321e+00   6.83000e+02
           654   6.86754e+02   6.54000e+02   3.57715e+01   4.01912e+00   6.84000e+02
           655   6.87720e+02   6.55000e+02   3.56317e+01   4.01505e+00   6.85000e+02
           656   6.88691e+02   6.56000e+02   3.54826e+01   4.01106e+00   6.86000e+02
           657   6.89668e+02   6.57000e+02   3.53308e+01   4.00704e+00   6.87000e+02
           658   6.90630e+02   6.58000e+02   3.51763e+01   4.00302e+00   6.88000e+02
           659   6.91594e+02   6.59000e+02   3.50207e+01   3.99901e+00   6.89000e+02
           660   6.92561e+02   6.60000e+02   3.48523e+01   3.99501e+00   6.90000e+02
           661   6.93540e+02   6.61000e+02   3.46859e+01   3.99101e+00   6.91000e+02
           662   6.94504e+02   6.62000e+02   3.45260e+01   3.98700e+00   6.92000e+02
           663   6.95487e+02   6.63000e+02   3.43735e+01   3.98300e+00   6.93000e+02
           664   6.96455e+02   6.64000e+02   3.42284e+01   3.97900e+00   6.94000e+02
           665   6.97419e+02   6.65000e+02   3.40908e+01   3.97500e+00   6.95000e+02
           666   6.98389e+02   6.66000e+02   3.39611e+01   3.97111e+00   6.96000e+02
           667   6.99358e+02   6.67000e+02   3.38393e+01   3.96758e+00   6.97000e+02
           668   7.00335e+02   6.68000e+02   3.37256e+01   3.96448e+00   6.98000e+02
           669   7.01298e+02   6.69000e+02   3.36212e+01   3.96181e+00   6.99000e+02
           670   7.02267e+02   6.70000e+02   3.35243e+01   3.95944e+00   7.00000e+02
MICS 600-60, 08.10.2025 10:25:31
