         Index            Ts             t            HF        Weight            Tr
           [#]          [°C]           [s]          [mW]          [mg]          [°C]
             0   2.22482e+01   0.00000e+00  -2.97809e+01   1.03974e+01   3.00000e+01
             1   2.22377e+01   1.00000e+00  -2.99712e+01   1.03971e+01   3.06667e+01
             2   2.24201e+01   2.00000e+00  -3.00761e+01   1.03967e+01   3.13333e+01
             3   2.28637e+01   3.00000e+00  -3.01684e+01   1.03965e+01   3.20000e+01
             4   2.33565e+01   4.00000e+00  -3.03588e+01   1.03959e+01   3.26667e+01
             5   2.38831e+01   5.00000e+00  -3.04402e+01   1.03952e+01   3.33333e+01
             6   2.44229e+01   6.00000e+00  -3.04912e+01   1.03943e+01   3.40000e+01
             7   2.49632e+01   7.00000e+00  -3.05376e+01   1.03934e+01   3.46667e+01
             8   2.55178e+01   8.00000e+00  -3.05025e+01   1.03921e+01   3.53333e+01
             9   2.61111e+01   9.00000e+00  -3.05126e+01   1.03911e+01   3.60000e+01
            10   2.67340e+01   1.00000e+01  -3.05258e+01   1.03901e+01   3.66667e+01
            11   2.73513e+01   1.10000e+01  -3.05354e+01   1.03891e+01   3.73333e+01
            12   2.79764e+01   1.20000e+01  -3.04725e+01   1.03882e+01   3.80000e+01
            13   2.86208e+01   1.30000e+01  -3.04388e+01   1.03873e+01   3.86667e+01
            14   2.92677e+01   1.40000e+01  -3.04016e+01   1.03865e+01   3.93333e+01
            15   2.99288e+01   1.50000e+01  -3.03609e+01   1.03857e+01   4.00000e+01
            16   3.05944e+01   1.60000e+01  -3.02549e+01   1.03849e+01   4.06667e+01
            17   3.12718e+01   1.70000e+01  -3.01797e+01   1.03841e+01   4.13333e+01
            18   3.19621e+01   1.80000e+01  -3.01099e+01   1.03832e+01   4.20000e+01
            19   3.26523e+01   1.90000e+01  -3.00397e+01   1.03823e+01   4.26667e+01
            20   3.33325e+01   2.00000e+01  -2.99232e+01   1.03812e+01   4.33333e+01
            21   3.40358e+01   2.10000e+01  -2.98311e+01   1.03802e+01   4.40000e+01
            22   3.47253e+01   2.20000e+01  -2.97435e+01   1.03791e+01   4.46667e+01
            23   3.54251e+01   2.30000e+01  -2.96585e+01   1.03779e+01   4.53333e+01
            24   3.61279e+01   2.40000e+01  -2.95569e+01   1.03765e+01   4.60000e+01
            25   3.68440e+01   2.50000e+01  -2.94676e+01   1.03752e+01   4.66667e+01
            26   3.75402e+01   2.60000e+01  -2.93826e+01   1.03739e+01   4.73333e+01
            27   3.82451e+01   2.70000e+01  -2.92997e+01   1.03725e+01   4.80000e+01
            28   3.89559e+01   2.80000e+01  -2.92228e+01   1.03709e+01   4.86667e+01
            29   3.96581e+01   2.90000e+01  -2.91472e+01   1.03694e+01   4.93333e+01
            30   4.03786e+01   3.00000e+01  -2.90755e+01   1.03678e+01   5.00000e+01
            31   4.10803e+01   3.10000e+01  -2.90066e+01   1.03662e+01   5.06667e+01
            32   4.17756e+01   3.20000e+01  -2.89614e+01   1.03644e+01   5.13333e+01
            33   4.24890e+01   3.30000e+01  -2.89075e+01   1.03625e+01   5.20000e+01
            34   4.32024e+01   3.40000e+01  -2.88545e+01   1.03607e+01   5.26667e+01
            35   4.39157e+01   3.50000e+01  -2.88040e+01   1.03588e+01   5.33333e+01
            36   4.46188e+01   3.60000e+01  -2.87784e+01   1.03566e+01   5.40000e+01
            37   4.53250e+01   3.70000e+01  -2.87427e+01   1.03544e+01   5.46667e+01
            38   4.60291e+01   3.80000e+01  -2.87080e+01   1.03521e+01   5.53333e+01
            39   4.67381e+01   3.90000e+01  -2.86752e+01   1.03497e+01   5.60000e+01
            40   4.74448e+01   4.00000e+01  -2.86720e+01   1.03469e+01   5.66667e+01
            41   4.81494e+01   4.10000e+01  -2.86574e+01   1.03443e+01   5.73333e+01
            42   4.88624e+01   4.20000e+01  -2.86428e+01   1.03415e+01   5.80000e+01
            43   4.95698e+01   4.30000e+01  -2.86306e+01   1.03387e+01   5.86667e+01
            44   5.02789e+01   4.40000e+01  -2.86435e+01   1.03355e+01   5.93333e+01
            45   5.09916e+01   4.50000e+01  -2.86477e+01   1.03324e+01   6.00000e+01
            46   5.16908e+01   4.60000e+01  -2.86549e+01   1.03291e+01   6.06667e+01
            47   5.24077e+01   4.70000e+01  -2.86664e+01   1.03258e+01   6.13333e+01
            48   5.31092e+01   4.80000e+01  -2.87036e+01   1.03222e+01   6.20000e+01
            49   5.38097e+01   4.90000e+01  -2.87292e+01   1.03185e+01   6.26667e+01
            50   5.45194e+01   5.00000e+01  -2.87558e+01   1.03148e+01   6.33333e+01
            51   5.52230e+01   5.10000e+01  -2.87850e+01   1.03110e+01   6.40000e+01
            52   5.59307e+01   5.20000e+01  -2.88453e+01   1.03068e+01   6.46667e+01
            53   5.66366e+01   5.30000e+01  -2.88925e+01   1.03026e+01   6.53333e+01
            54   5.73305e+01   5.40000e+01  -2.89402e+01   1.02983e+01   6.60000e+01
            55   5.80294e+01   5.50000e+01  -2.89913e+01   1.02939e+01   6.66667e+01
            56   5.87275e+01   5.60000e+01  -2.90743e+01   1.02891e+01   6.73333e+01
            57   5.94394e+01   5.70000e+01  -2.91457e+01   1.02844e+01   6.80000e+01
            58   6.01418e+01   5.80000e+01  -2.92179e+01   1.02795e+01   6.86667e+01
            59   6.08338e+01   5.90000e+01  -2.92934e+01   1.02745e+01   6.93333e+01
            60   6.15345e+01   6.00000e+01  -2.93959e+01   1.02692e+01   7.00000e+01
            61   6.22294e+01   6.10000e+01  -2.94878e+01   1.02638e+01   7.06667e+01
            62   6.29314e+01   6.20000e+01  -2.95809e+01   1.02584e+01   7.13333e+01
            63   6.36205e+01   6.30000e+01  -2.96769e+01   1.02528e+01   7.20000e+01
            64   6.43103e+01   6.40000e+01  -2.98042e+01   1.02467e+01   7.26667e+01
            65   6.50027e+01   6.50000e+01  -2.99160e+01   1.02406e+01   7.33333e+01
            66   6.56943e+01   6.60000e+01  -3.00281e+01   1.02344e+01   7.40000e+01
            67   6.63850e+01   6.70000e+01  -3.01429e+01   1.02280e+01   7.46667e+01
            68   6.70674e+01   6.80000e+01  -3.02830e+01   1.02213e+01   7.53333e+01
            69   6.77661e+01   6.90000e+01  -3.04124e+01   1.02146e+01   7.60000e+01
            70   6.84533e+01   7.00000e+01  -3.05424e+01   1.02078e+01   7.66667e+01
            71   6.91383e+01   7.10000e+01  -3.06746e+01   1.02009e+01   7.73333e+01
            72   6.98280e+01   7.20000e+01  -3.08273e+01   1.01936e+01   7.80000e+01
            73   7.05159e+01   7.30000e+01  -3.09732e+01   1.01863e+01   7.86667e+01
            74   7.12021e+01   7.40000e+01  -3.11198e+01   1.01789e+01   7.93333e+01
            75   7.18794e+01   7.50000e+01  -3.12684e+01   1.01713e+01   8.00000e+01
            76   7.25632e+01   7.60000e+01  -3.14385e+01   1.01632e+01   8.06667e+01
            77   7.32473e+01   7.70000e+01  -3.16009e+01   1.01551e+01   8.13333e+01
            78   7.39325e+01   7.80000e+01  -3.17636e+01   1.01470e+01   8.20000e+01
            79   7.46132e+01   7.90000e+01  -3.19269e+01   1.01388e+01   8.26667e+01
            80   7.52883e+01   8.00000e+01  -3.21074e+01   1.01302e+01   8.33333e+01
            81   7.59742e+01   8.10000e+01  -3.22797e+01   1.01215e+01   8.40000e+01
            82   7.66459e+01   8.20000e+01  -3.24516e+01   1.01127e+01   8.46667e+01
            83   7.73226e+01   8.30000e+01  -3.26253e+01   1.01039e+01   8.53333e+01
            84   7.80125e+01   8.40000e+01  -3.28143e+01   1.00946e+01   8.60000e+01
            85   7.86818e+01   8.50000e+01  -3.29938e+01   1.00854e+01   8.66667e+01
            86   7.93571e+01   8.60000e+01  -3.31708e+01   1.00761e+01   8.73333e+01
            87   8.00337e+01   8.70000e+01  -3.33478e+01   1.00668e+01   8.80000e+01
            88   8.07177e+01   8.80000e+01  -3.35302e+01   1.00572e+01   8.86667e+01
            89   8.13931e+01   8.90000e+01  -3.37092e+01   1.00476e+01   8.93333e+01
            90   8.20640e+01   9.00000e+01  -3.38876e+01   1.00379e+01   9.00000e+01
            91   8.27438e+01   9.10000e+01  -3.40663e+01   1.00281e+01   9.06667e+01
            92   8.34196e+01   9.20000e+01  -3.42467e+01   1.00180e+01   9.13333e+01
            93   8.41014e+01   9.30000e+01  -3.44225e+01   1.00081e+01   9.20000e+01
            94   8.47854e+01   9.40000e+01  -3.45959e+01   9.99803e+00   9.26667e+01
            95   8.54649e+01   9.50000e+01  -3.47681e+01   9.98797e+00   9.33333e+01
            96   8.61457e+01   9.60000e+01  -3.49332e+01   9.97767e+00   9.40000e+01
            97   8.68276e+01   9.70000e+01  -3.51003e+01   9.96744e+00   9.46667e+01
            98   8.75009e+01   9.80000e+01  -3.52646e+01   9.95718e+00   9.53333e+01
            99   8.81816e+01   9.90000e+01  -3.54270e+01   9.94693e+00   9.60000e+01
           100   8.88543e+01   1.00000e+02  -3.55785e+01   9.93650e+00   9.66667e+01
           101   8.95432e+01   1.01000e+02  -3.57311e+01   9.92613e+00   9.73333e+01
           102   9.02352e+01   1.02000e+02  -3.58814e+01   9.91576e+00   9.80000e+01
           103   9.09114e+01   1.03000e+02  -3.60293e+01   9.90540e+00   9.86667e+01
           104   9.15925e+01   1.04000e+02  -3.61556e+01   9.89494e+00   9.93333e+01
           105   9.22744e+01   1.05000e+02  -3.62880e+01   9.88455e+00   1.00000e+02
           106   9.29705e+01   1.06000e+02  -3.64181e+01   9.87418e+00   1.00667e+02
           107   9.36544e+01   1.07000e+02  -3.65460e+01   9.86380e+00   1.01333e+02
           108   9.43419e+01   1.08000e+02  -3.66461e+01   9.85347e+00   1.02000e+02
           109   9.50347e+01   1.09000e+02  -3.67539e+01   9.84320e+00   1.02667e+02
           110   9.57213e+01   1.10000e+02  -3.68597e+01   9.83295e+00   1.03333e+02
           111   9.64087e+01   1.11000e+02  -3.69629e+01   9.82269e+00   1.04000e+02
           112   9.71019e+01   1.12000e+02  -3.70323e+01   9.81267e+00   1.04667e+02
           113   9.77979e+01   1.13000e+02  -3.71133e+01   9.80263e+00   1.05333e+02
           114   9.84954e+01   1.14000e+02  -3.71921e+01   9.79263e+00   1.06000e+02
           115   9.91928e+01   1.15000e+02  -3.72664e+01   9.78270e+00   1.06667e+02
           116   9.98819e+01   1.16000e+02  -3.73018e+01   9.77297e+00   1.07333e+02
           117   1.00589e+02   1.17000e+02  -3.73513e+01   9.76318e+00   1.08000e+02
           118   1.01288e+02   1.18000e+02  -3.74000e+01   9.75347e+00   1.08667e+02
           119   1.01982e+02   1.19000e+02  -3.74443e+01   9.74383e+00   1.09333e+02
           120   1.02689e+02   1.20000e+02  -3.74487e+01   9.73445e+00   1.10000e+02
           121   1.03394e+02   1.21000e+02  -3.74685e+01   9.72509e+00   1.10667e+02
           122   1.04086e+02   1.22000e+02  -3.74877e+01   9.71581e+00   1.11333e+02
           123   1.04804e+02   1.23000e+02  -3.75042e+01   9.70658e+00   1.12000e+02
           124   1.05507e+02   1.24000e+02  -3.74782e+01   9.69781e+00   1.12667e+02
           125   1.06223e+02   1.25000e+02  -3.74683e+01   9.68894e+00   1.13333e+02
           126   1.06924e+02   1.26000e+02  -3.74567e+01   9.68016e+00   1.14000e+02
           127   1.07634e+02   1.27000e+02  -3.74413e+01   9.67147e+00   1.14667e+02
           128   1.08340e+02   1.28000e+02  -3.73884e+01   9.66314e+00   1.15333e+02
           129   1.09060e+02   1.29000e+02  -3.73488e+01   9.65471e+00   1.16000e+02
           130   1.09768e+02   1.30000e+02  -3.73078e+01   9.64639e+00   1.16667e+02
           131   1.10476e+02   1.31000e+02  -3.72629e+01   9.63814e+00   1.17333e+02
           132   1.11189e+02   1.32000e+02  -3.71767e+01   9.63021e+00   1.18000e+02
           133   1.11909e+02   1.33000e+02  -3.71060e+01   9.62230e+00   1.18667e+02
           134   1.12632e+02   1.34000e+02  -3.70358e+01   9.61449e+00   1.19333e+02
           135   1.13347e+02   1.35000e+02  -3.69620e+01   9.60673e+00   1.20000e+02
           136   1.14063e+02   1.36000e+02  -3.68458e+01   9.59948e+00   1.20667e+02
           137   1.14784e+02   1.37000e+02  -3.67464e+01   9.59218e+00   1.21333e+02
           138   1.15505e+02   1.38000e+02  -3.66472e+01   9.58495e+00   1.22000e+02
           139   1.16229e+02   1.39000e+02  -3.65452e+01   9.57778e+00   1.22667e+02
           140   1.16956e+02   1.40000e+02  -3.64051e+01   9.57115e+00   1.23333e+02
           141   1.17685e+02   1.41000e+02  -3.62807e+01   9.56437e+00   1.24000e+02
           142   1.18396e+02   1.42000e+02  -3.61556e+01   9.55768e+00   1.24667e+02
           143   1.19121e+02   1.43000e+02  -3.60279e+01   9.55106e+00   1.25333e+02
           144   1.19847e+02   1.44000e+02  -3.58650e+01   9.54482e+00   1.26000e+02
           145   1.20573e+02   1.45000e+02  -3.57161e+01   9.53851e+00   1.26667e+02
           146   1.21299e+02   1.46000e+02  -3.55677e+01   9.53225e+00   1.27333e+02
           147   1.22024e+02   1.47000e+02  -3.54169e+01   9.52603e+00   1.28000e+02
           148   1.22752e+02   1.48000e+02  -3.52350e+01   9.52020e+00   1.28667e+02
           149   1.23483e+02   1.49000e+02  -3.50674e+01   9.51430e+00   1.29333e+02
           150   1.24215e+02   1.50000e+02  -3.48981e+01   9.50849e+00   1.30000e+02
           151   1.24938e+02   1.51000e+02  -3.47270e+01   9.50278e+00   1.30667e+02
           152   1.25674e+02   1.52000e+02  -3.45292e+01   9.49746e+00   1.31333e+02
           153   1.26406e+02   1.53000e+02  -3.43415e+01   9.49210e+00   1.32000e+02
           154   1.27132e+02   1.54000e+02  -3.41532e+01   9.48681e+00   1.32667e+02
           155   1.27860e+02   1.55000e+02  -3.39634e+01   9.48158e+00   1.33333e+02
           156   1.28590e+02   1.56000e+02  -3.37527e+01   9.47681e+00   1.34000e+02
           157   1.29310e+02   1.57000e+02  -3.35493e+01   9.47194e+00   1.34667e+02
           158   1.30048e+02   1.58000e+02  -3.33443e+01   9.46713e+00   1.35333e+02
           159   1.30791e+02   1.59000e+02  -3.31379e+01   9.46236e+00   1.36000e+02
           160   1.31508e+02   1.60000e+02  -3.29087e+01   9.45793e+00   1.36667e+02
           161   1.32244e+02   1.61000e+02  -3.26887e+01   9.45345e+00   1.37333e+02
           162   1.32977e+02   1.62000e+02  -3.24676e+01   9.44902e+00   1.38000e+02
           163   1.33711e+02   1.63000e+02  -3.22442e+01   9.44464e+00   1.38667e+02
           164   1.34442e+02   1.64000e+02  -3.19997e+01   9.44053e+00   1.39333e+02
           165   1.35162e+02   1.65000e+02  -3.17641e+01   9.43641e+00   1.40000e+02
           166   1.35909e+02   1.66000e+02  -3.15278e+01   9.43238e+00   1.40667e+02
           167   1.36638e+02   1.67000e+02  -3.12912e+01   9.42840e+00   1.41333e+02
           168   1.37371e+02   1.68000e+02  -3.10376e+01   9.42481e+00   1.42000e+02
           169   1.38107e+02   1.69000e+02  -3.07944e+01   9.42119e+00   1.42667e+02
           170   1.38838e+02   1.70000e+02  -3.05525e+01   9.41760e+00   1.43333e+02
           171   1.39579e+02   1.71000e+02  -3.03096e+01   9.41408e+00   1.44000e+02
           172   1.40312e+02   1.72000e+02  -3.00504e+01   9.41092e+00   1.44667e+02
           173   1.41047e+02   1.73000e+02  -2.97991e+01   9.40767e+00   1.45333e+02
           174   1.41784e+02   1.74000e+02  -2.95480e+01   9.40446e+00   1.46000e+02
           175   1.42518e+02   1.75000e+02  -2.92958e+01   9.40135e+00   1.46667e+02
           176   1.43244e+02   1.76000e+02  -2.90421e+01   9.39844e+00   1.47333e+02
           177   1.43977e+02   1.77000e+02  -2.87897e+01   9.39548e+00   1.48000e+02
           178   1.44705e+02   1.78000e+02  -2.85384e+01   9.39256e+00   1.48667e+02
           179   1.45436e+02   1.79000e+02  -2.82873e+01   9.38970e+00   1.49333e+02
           180   1.46180e+02   1.80000e+02  -2.80312e+01   9.38705e+00   1.50000e+02
           181   1.46904e+02   1.81000e+02  -2.77799e+01   9.38438e+00   1.50667e+02
           182   1.47644e+02   1.82000e+02  -2.75309e+01   9.38174e+00   1.51333e+02
           183   1.48373e+02   1.83000e+02  -2.72840e+01   9.37916e+00   1.52000e+02
           184   1.49106e+02   1.84000e+02  -2.70401e+01   9.37681e+00   1.52667e+02
           185   1.49837e+02   1.85000e+02  -2.67962e+01   9.37439e+00   1.53333e+02
           186   1.50563e+02   1.86000e+02  -2.65535e+01   9.37202e+00   1.54000e+02
           187   1.51291e+02   1.87000e+02  -2.63129e+01   9.36970e+00   1.54667e+02
           188   1.52022e+02   1.88000e+02  -2.60888e+01   9.36760e+00   1.55333e+02
           189   1.52747e+02   1.89000e+02  -2.58602e+01   9.36544e+00   1.56000e+02
           190   1.53477e+02   1.90000e+02  -2.56337e+01   9.36325e+00   1.56667e+02
           191   1.54202e+02   1.91000e+02  -2.54085e+01   9.36108e+00   1.57333e+02
           192   1.54919e+02   1.92000e+02  -2.51986e+01   9.35904e+00   1.58000e+02
           193   1.55646e+02   1.93000e+02  -2.49813e+01   9.35697e+00   1.58667e+02
           194   1.56377e+02   1.94000e+02  -2.47634e+01   9.35492e+00   1.59333e+02
           195   1.57101e+02   1.95000e+02  -2.45468e+01   9.35288e+00   1.60000e+02
           196   1.57815e+02   1.96000e+02  -2.43511e+01   9.35086e+00   1.60667e+02
           197   1.58538e+02   1.97000e+02  -2.41473e+01   9.34877e+00   1.61333e+02
           198   1.59257e+02   1.98000e+02  -2.39443e+01   9.34667e+00   1.62000e+02
           199   1.59971e+02   1.99000e+02  -2.37416e+01   9.34457e+00   1.62667e+02
           200   1.60699e+02   2.00000e+02  -2.35550e+01   9.34243e+00   1.63333e+02
           201   1.61418e+02   2.01000e+02  -2.33638e+01   9.34030e+00   1.64000e+02
           202   1.62143e+02   2.02000e+02  -2.31733e+01   9.33812e+00   1.64667e+02
           203   1.62862e+02   2.03000e+02  -2.29855e+01   9.33595e+00   1.65333e+02
           204   1.63575e+02   2.04000e+02  -2.28139e+01   9.33380e+00   1.66000e+02
           205   1.64291e+02   2.05000e+02  -2.26375e+01   9.33166e+00   1.66667e+02
           206   1.65003e+02   2.06000e+02  -2.24627e+01   9.32947e+00   1.67333e+02
           207   1.65721e+02   2.07000e+02  -2.22896e+01   9.32730e+00   1.68000e+02
           208   1.66441e+02   2.08000e+02  -2.21373e+01   9.32515e+00   1.68667e+02
           209   1.67149e+02   2.09000e+02  -2.19756e+01   9.32295e+00   1.69333e+02
           210   1.67867e+02   2.10000e+02  -2.18158e+01   9.32076e+00   1.70000e+02
           211   1.68579e+02   2.11000e+02  -2.16591e+01   9.31858e+00   1.70667e+02
           212   1.69291e+02   2.12000e+02  -2.15215e+01   9.31631e+00   1.71333e+02
           213   1.70005e+02   2.13000e+02  -2.13737e+01   9.31404e+00   1.72000e+02
           214   1.70711e+02   2.14000e+02  -2.12279e+01   9.31171e+00   1.72667e+02
           215   1.71425e+02   2.15000e+02  -2.10848e+01   9.30931e+00   1.73333e+02
           216   1.72129e+02   2.16000e+02  -2.09612e+01   9.30681e+00   1.74000e+02
           217   1.72842e+02   2.17000e+02  -2.08306e+01   9.30433e+00   1.74667e+02
           218   1.73553e+02   2.18000e+02  -2.07009e+01   9.30186e+00   1.75333e+02
           219   1.74255e+02   2.19000e+02  -2.05732e+01   9.29937e+00   1.76000e+02
           220   1.74963e+02   2.20000e+02  -2.04638e+01   9.29675e+00   1.76667e+02
           221   1.75679e+02   2.21000e+02  -2.03470e+01   9.29413e+00   1.77333e+02
           222   1.76386e+02   2.22000e+02  -2.02314e+01   9.29147e+00   1.78000e+02
           223   1.77079e+02   2.23000e+02  -2.01176e+01   9.28879e+00   1.78667e+02
           224   1.77795e+02   2.24000e+02  -2.00222e+01   9.28596e+00   1.79333e+02
           225   1.78494e+02   2.25000e+02  -1.99195e+01   9.28316e+00   1.80000e+02
           226   1.79195e+02   2.26000e+02  -1.98190e+01   9.28036e+00   1.80667e+02
           227   1.79894e+02   2.27000e+02  -1.97208e+01   9.27753e+00   1.81333e+02
           228   1.80606e+02   2.28000e+02  -1.96358e+01   9.27460e+00   1.82000e+02
           229   1.81306e+02   2.29000e+02  -1.95440e+01   9.27170e+00   1.82667e+02
           230   1.82006e+02   2.30000e+02  -1.94518e+01   9.26876e+00   1.83333e+02
           231   1.82708e+02   2.31000e+02  -1.93612e+01   9.26575e+00   1.84000e+02
           232   1.83413e+02   2.32000e+02  -1.92856e+01   9.26262e+00   1.84667e+02
           233   1.84113e+02   2.33000e+02  -1.92029e+01   9.25945e+00   1.85333e+02
           234   1.84808e+02   2.34000e+02  -1.91183e+01   9.25623e+00   1.86000e+02
           235   1.85501e+02   2.35000e+02  -1.90329e+01   9.25296e+00   1.86667e+02
           236   1.86213e+02   2.36000e+02  -1.89569e+01   9.24950e+00   1.87333e+02
           237   1.86909e+02   2.37000e+02  -1.88764e+01   9.24607e+00   1.88000e+02
           238   1.87612e+02   2.38000e+02  -1.87946e+01   9.24262e+00   1.88667e+02
           239   1.88308e+02   2.39000e+02  -1.87110e+01   9.23918e+00   1.89333e+02
           240   1.89011e+02   2.40000e+02  -1.86298e+01   9.23562e+00   1.90000e+02
           241   1.89706e+02   2.41000e+02  -1.85442e+01   9.23209e+00   1.90667e+02
           242   1.90402e+02   2.42000e+02  -1.84566e+01   9.22859e+00   1.91333e+02
           243   1.91115e+02   2.43000e+02  -1.83693e+01   9.22506e+00   1.92000e+02
           244   1.91813e+02   2.44000e+02  -1.82773e+01   9.22143e+00   1.92667e+02
           245   1.92512e+02   2.45000e+02  -1.81868e+01   9.21779e+00   1.93333e+02
           246   1.93204e+02   2.46000e+02  -1.80967e+01   9.21412e+00   1.94000e+02
           247   1.93913e+02   2.47000e+02  -1.80074e+01   9.21042e+00   1.94667e+02
           248   1.94614e+02   2.48000e+02  -1.79093e+01   9.20662e+00   1.95333e+02
           249   1.95318e+02   2.49000e+02  -1.78156e+01   9.20291e+00   1.96000e+02
           250   1.96027e+02   2.50000e+02  -1.77225e+01   9.19921e+00   1.96667e+02
           251   1.96730e+02   2.51000e+02  -1.76294e+01   9.19551e+00   1.97333e+02
           252   1.97431e+02   2.52000e+02  -1.75310e+01   9.19178e+00   1.98000e+02
           253   1.98127e+02   2.53000e+02  -1.74339e+01   9.18800e+00   1.98667e+02
           254   1.98835e+02   2.54000e+02  -1.73357e+01   9.18413e+00   1.99333e+02
           255   1.99528e+02   2.55000e+02  -1.72371e+01   9.18023e+00   2.00000e+02
           256   2.00233e+02   2.56000e+02  -1.71404e+01   9.17620e+00   2.00667e+02
           257   2.00936e+02   2.57000e+02  -1.70442e+01   9.17220e+00   2.01333e+02
           258   2.01636e+02   2.58000e+02  -1.69474e+01   9.16820e+00   2.02000e+02
           259   2.02336e+02   2.59000e+02  -1.68493e+01   9.16418e+00   2.02667e+02
           260   2.03039e+02   2.60000e+02  -1.67445e+01   9.15999e+00   2.03333e+02
           261   2.03740e+02   2.61000e+02  -1.66434e+01   9.15581e+00   2.04000e+02
           262   2.04443e+02   2.62000e+02  -1.65425e+01   9.15158e+00   2.04667e+02
           263   2.05149e+02   2.63000e+02  -1.64406e+01   9.14734e+00   2.05333e+02
           264   2.05839e+02   2.64000e+02  -1.63405e+01   9.14289e+00   2.06000e+02
           265   2.06537e+02   2.65000e+02  -1.62417e+01   9.13852e+00   2.06667e+02
           266   2.07237e+02   2.66000e+02  -1.61441e+01   9.13412e+00   2.07333e+02
           267   2.07942e+02   2.67000e+02  -1.60467e+01   9.12974e+00   2.08000e+02
           268   2.08645e+02   2.68000e+02  -1.59482e+01   9.12523e+00   2.08667e+02
           269   2.09345e+02   2.69000e+02  -1.58539e+01   9.12072e+00   2.09333e+02
           270   2.10037e+02   2.70000e+02  -1.57617e+01   9.11617e+00   2.10000e+02
           271   2.10744e+02   2.71000e+02  -1.56702e+01   9.11158e+00   2.10667e+02
           272   2.11444e+02   2.72000e+02  -1.55834e+01   9.10685e+00   2.11333e+02
           273   2.12140e+02   2.73000e+02  -1.54952e+01   9.10213e+00   2.12000e+02
           274   2.12838e+02   2.74000e+02  -1.54075e+01   9.09737e+00   2.12667e+02
           275   2.13535e+02   2.75000e+02  -1.53198e+01   9.09258e+00   2.13333e+02
           276   2.14232e+02   2.76000e+02  -1.52420e+01   9.08752e+00   2.14000e+02
           277   2.14921e+02   2.77000e+02  -1.51588e+01   9.08250e+00   2.14667e+02
           278   2.15620e+02   2.78000e+02  -1.50764e+01   9.07745e+00   2.15333e+02
           279   2.16318e+02   2.79000e+02  -1.49950e+01   9.07234e+00   2.16000e+02
           280   2.17023e+02   2.80000e+02  -1.49177e+01   9.06691e+00   2.16667e+02
           281   2.17718e+02   2.81000e+02  -1.48380e+01   9.06156e+00   2.17333e+02
           282   2.18411e+02   2.82000e+02  -1.47568e+01   9.05616e+00   2.18000e+02
           283   2.19108e+02   2.83000e+02  -1.46750e+01   9.05069e+00   2.18667e+02
           284   2.19809e+02   2.84000e+02  -1.45988e+01   9.04498e+00   2.19333e+02
           285   2.20502e+02   2.85000e+02  -1.45186e+01   9.03937e+00   2.20000e+02
           286   2.21194e+02   2.86000e+02  -1.44366e+01   9.03375e+00   2.20667e+02
           287   2.21892e+02   2.87000e+02  -1.43563e+01   9.02809e+00   2.21333e+02
           288   2.22587e+02   2.88000e+02  -1.42792e+01   9.02230e+00   2.22000e+02
           289   2.23283e+02   2.89000e+02  -1.41975e+01   9.01654e+00   2.22667e+02
           290   2.23981e+02   2.90000e+02  -1.41136e+01   9.01077e+00   2.23333e+02
           291   2.24682e+02   2.91000e+02  -1.40292e+01   9.00498e+00   2.24000e+02
           292   2.25376e+02   2.92000e+02  -1.39374e+01   8.99911e+00   2.24667e+02
           293   2.26066e+02   2.93000e+02  -1.38475e+01   8.99327e+00   2.25333e+02
           294   2.26773e+02   2.94000e+02  -1.37555e+01   8.98739e+00   2.26000e+02
           295   2.27467e+02   2.95000e+02  -1.36620e+01   8.98144e+00   2.26667e+02
           296   2.28153e+02   2.96000e+02  -1.35627e+01   8.97540e+00   2.27333e+02
           297   2.28856e+02   2.97000e+02  -1.34650e+01   8.96938e+00   2.28000e+02
           298   2.29558e+02   2.98000e+02  -1.33658e+01   8.96336e+00   2.28667e+02
           299   2.30251e+02   2.99000e+02  -1.32655e+01   8.95734e+00   2.29333e+02
           300   2.30951e+02   3.00000e+02  -1.31496e+01   8.95126e+00   2.30000e+02
           301   2.31646e+02   3.01000e+02  -1.30404e+01   8.94525e+00   2.30667e+02
           302   2.32352e+02   3.02000e+02  -1.29325e+01   8.93924e+00   2.31333e+02
           303   2.33051e+02   3.03000e+02  -1.28240e+01   8.93319e+00   2.32000e+02
           304   2.33750e+02   3.04000e+02  -1.27026e+01   8.92719e+00   2.32667e+02
           305   2.34444e+02   3.05000e+02  -1.25880e+01   8.92116e+00   2.33333e+02
           306   2.35141e+02   3.06000e+02  -1.24749e+01   8.91512e+00   2.34000e+02
           307   2.35839e+02   3.07000e+02  -1.23615e+01   8.90909e+00   2.34667e+02
           308   2.36542e+02   3.08000e+02  -1.22404e+01   8.90294e+00   2.35333e+02
           309   2.37241e+02   3.09000e+02  -1.21217e+01   8.89688e+00   2.36000e+02
           310   2.37935e+02   3.10000e+02  -1.20049e+01   8.89083e+00   2.36667e+02
           311   2.38635e+02   3.11000e+02  -1.18881e+01   8.88472e+00   2.37333e+02
           312   2.39332e+02   3.12000e+02  -1.17682e+01   8.87859e+00   2.38000e+02
           313   2.40034e+02   3.13000e+02  -1.16498e+01   8.87248e+00   2.38667e+02
           314   2.40729e+02   3.14000e+02  -1.15318e+01   8.86636e+00   2.39333e+02
           315   2.41421e+02   3.15000e+02  -1.14143e+01   8.86018e+00   2.40000e+02
           316   2.42120e+02   3.16000e+02  -1.12984e+01   8.85397e+00   2.40667e+02
           317   2.42826e+02   3.17000e+02  -1.11802e+01   8.84776e+00   2.41333e+02
           318   2.43515e+02   3.18000e+02  -1.10593e+01   8.84150e+00   2.42000e+02
           319   2.44213e+02   3.19000e+02  -1.09383e+01   8.83524e+00   2.42667e+02
           320   2.44904e+02   3.20000e+02  -1.08206e+01   8.82883e+00   2.43333e+02
           321   2.45606e+02   3.21000e+02  -1.07002e+01   8.82241e+00   2.44000e+02
           322   2.46304e+02   3.22000e+02  -1.05799e+01   8.81600e+00   2.44667e+02
           323   2.46998e+02   3.23000e+02  -1.04601e+01   8.80955e+00   2.45333e+02
           324   2.47690e+02   3.24000e+02  -1.03422e+01   8.80291e+00   2.46000e+02
           325   2.48384e+02   3.25000e+02  -1.02247e+01   8.79627e+00   2.46667e+02
           326   2.49096e+02   3.26000e+02  -1.01077e+01   8.78957e+00   2.47333e+02
           327   2.49790e+02   3.27000e+02  -9.99104e+00   8.78288e+00   2.48000e+02
           328   2.50479e+02   3.28000e+02  -9.87362e+00   8.77590e+00   2.48667e+02
           329   2.51179e+02   3.29000e+02  -9.75839e+00   8.76889e+00   2.49333e+02
           330   2.51874e+02   3.30000e+02  -9.64424e+00   8.76186e+00   2.50000e+02
           331   2.52568e+02   3.31000e+02  -9.53067e+00   8.75480e+00   2.50667e+02
           332   2.53258e+02   3.32000e+02  -9.42608e+00   8.74727e+00   2.51333e+02
           333   2.53953e+02   3.33000e+02  -9.31491e+00   8.73983e+00   2.52000e+02
           334   2.54650e+02   3.34000e+02  -9.20289e+00   8.73236e+00   2.52667e+02
           335   2.55343e+02   3.35000e+02  -9.08991e+00   8.72479e+00   2.53333e+02
           336   2.56036e+02   3.36000e+02  -8.98250e+00   8.71685e+00   2.54000e+02
           337   2.56734e+02   3.37000e+02  -8.87398e+00   8.70897e+00   2.54667e+02
           338   2.57423e+02   3.38000e+02  -8.76572e+00   8.70103e+00   2.55333e+02
           339   2.58116e+02   3.39000e+02  -8.65838e+00   8.69301e+00   2.56000e+02
           340   2.58809e+02   3.40000e+02  -8.55070e+00   8.68451e+00   2.56667e+02
           341   2.59509e+02   3.41000e+02  -8.44159e+00   8.67602e+00   2.57333e+02
           342   2.60199e+02   3.42000e+02  -8.33158e+00   8.66743e+00   2.58000e+02
           343   2.60895e+02   3.43000e+02  -8.22103e+00   8.65870e+00   2.58667e+02
           344   2.61587e+02   3.44000e+02  -8.11189e+00   8.64935e+00   2.59333e+02
           345   2.62275e+02   3.45000e+02  -8.00200e+00   8.64015e+00   2.60000e+02
           346   2.62968e+02   3.46000e+02  -7.89124e+00   8.63081e+00   2.60667e+02
           347   2.63658e+02   3.47000e+02  -7.77989e+00   8.62137e+00   2.61333e+02
           348   2.64354e+02   3.48000e+02  -7.66946e+00   8.61141e+00   2.62000e+02
           349   2.65051e+02   3.49000e+02  -7.55959e+00   8.60143e+00   2.62667e+02
           350   2.65741e+02   3.50000e+02  -7.44905e+00   8.59129e+00   2.63333e+02
           351   2.66437e+02   3.51000e+02  -7.33781e+00   8.58103e+00   2.64000e+02
           352   2.67126e+02   3.52000e+02  -7.22255e+00   8.57018e+00   2.64667e+02
           353   2.67814e+02   3.53000e+02  -7.11073e+00   8.55937e+00   2.65333e+02
           354   2.68510e+02   3.54000e+02  -7.00096e+00   8.54844e+00   2.66000e+02
           355   2.69203e+02   3.55000e+02  -6.89105e+00   8.53745e+00   2.66667e+02
           356   2.69896e+02   3.56000e+02  -6.78475e+00   8.52575e+00   2.67333e+02
           357   2.70578e+02   3.57000e+02  -6.67903e+00   8.51412e+00   2.68000e+02
           358   2.71272e+02   3.58000e+02  -6.57419e+00   8.50236e+00   2.68667e+02
           359   2.71967e+02   3.59000e+02  -6.46999e+00   8.49042e+00   2.69333e+02
           360   2.72660e+02   3.60000e+02  -6.36931e+00   8.47780e+00   2.70000e+02
           361   2.73350e+02   3.61000e+02  -6.26679e+00   8.46531e+00   2.70667e+02
           362   2.74038e+02   3.62000e+02  -6.16247e+00   8.45266e+00   2.71333e+02
           363   2.74726e+02   3.63000e+02  -6.05820e+00   8.43988e+00   2.72000e+02
           364   2.75419e+02   3.64000e+02  -5.96310e+00   8.42646e+00   2.72667e+02
           365   2.76100e+02   3.65000e+02  -5.86382e+00   8.41313e+00   2.73333e+02
           366   2.76795e+02   3.66000e+02  -5.76383e+00   8.39964e+00   2.74000e+02
           367   2.77477e+02   3.67000e+02  -5.66383e+00   8.38606e+00   2.74667e+02
           368   2.78172e+02   3.68000e+02  -5.56978e+00   8.37181e+00   2.75333e+02
           369   2.78859e+02   3.69000e+02  -5.47302e+00   8.35767e+00   2.76000e+02
           370   2.79549e+02   3.70000e+02  -5.37259e+00   8.34338e+00   2.76667e+02
           371   2.80247e+02   3.71000e+02  -5.27204e+00   8.32894e+00   2.77333e+02
           372   2.80935e+02   3.72000e+02  -5.17336e+00   8.31384e+00   2.78000e+02
           373   2.81625e+02   3.73000e+02  -5.07541e+00   8.29889e+00   2.78667e+02
           374   2.82308e+02   3.74000e+02  -4.97653e+00   8.28383e+00   2.79333e+02
           375   2.82996e+02   3.75000e+02  -4.87800e+00   8.26866e+00   2.80000e+02
           376   2.83682e+02   3.76000e+02  -4.78638e+00   8.25285e+00   2.80667e+02
           377   2.84365e+02   3.77000e+02  -4.69187e+00   8.23717e+00   2.81333e+02
           378   2.85063e+02   3.78000e+02  -4.59730e+00   8.22140e+00   2.82000e+02
           379   2.85753e+02   3.79000e+02  -4.50302e+00   8.20555e+00   2.82667e+02
           380   2.86436e+02   3.80000e+02  -4.40634e+00   8.18918e+00   2.83333e+02
           381   2.87120e+02   3.81000e+02  -4.31191e+00   8.17289e+00   2.84000e+02
           382   2.87815e+02   3.82000e+02  -4.21819e+00   8.15652e+00   2.84667e+02
           383   2.88500e+02   3.83000e+02  -4.12401e+00   8.14007e+00   2.85333e+02
           384   2.89180e+02   3.84000e+02  -4.03740e+00   8.12322e+00   2.86000e+02
           385   2.89867e+02   3.85000e+02  -3.94701e+00   8.10648e+00   2.86667e+02
           386   2.90553e+02   3.86000e+02  -3.85713e+00   8.08969e+00   2.87333e+02
           387   2.91241e+02   3.87000e+02  -3.76759e+00   8.07281e+00   2.88000e+02
           388   2.91924e+02   3.88000e+02  -3.67994e+00   8.05567e+00   2.88667e+02
           389   2.92613e+02   3.89000e+02  -3.59023e+00   8.03857e+00   2.89333e+02
           390   2.93293e+02   3.90000e+02  -3.50031e+00   8.02144e+00   2.90000e+02
           391   2.93986e+02   3.91000e+02  -3.41051e+00   8.00425e+00   2.90667e+02
           392   2.94666e+02   3.92000e+02  -3.32487e+00   7.98681e+00   2.91333e+02
           393   2.95355e+02   3.93000e+02  -3.23869e+00   7.96944e+00   2.92000e+02
           394   2.96039e+02   3.94000e+02  -3.15329e+00   7.95202e+00   2.92667e+02
           395   2.96721e+02   3.95000e+02  -3.06793e+00   7.93454e+00   2.93333e+02
           396   2.97407e+02   3.96000e+02  -2.98696e+00   7.91683e+00   2.94000e+02
           397   2.98090e+02   3.97000e+02  -2.90390e+00   7.89915e+00   2.94667e+02
           398   2.98774e+02   3.98000e+02  -2.82114e+00   7.88143e+00   2.95333e+02
           399   2.99463e+02   3.99000e+02  -2.74021e+00   7.86366e+00   2.96000e+02
           400   3.00143e+02   4.00000e+02  -2.66537e+00   7.84581e+00   2.96667e+02
           401   3.00827e+02   4.01000e+02  -2.58977e+00   7.82803e+00   2.97333e+02
           402   3.01505e+02   4.02000e+02  -2.51506e+00   7.81026e+00   2.98000e+02
           403   3.02190e+02   4.03000e+02  -2.44116e+00   7.79247e+00   2.98667e+02
           404   3.02873e+02   4.04000e+02  -2.37140e+00   7.77473e+00   2.99333e+02
           405   3.03560e+02   4.05000e+02  -2.29932e+00   7.75695e+00   3.00000e+02
           406   3.04242e+02   4.06000e+02  -2.22808e+00   7.73914e+00   3.00667e+02
           407   3.04921e+02   4.07000e+02  -2.15857e+00   7.72131e+00   3.01333e+02
           408   3.05599e+02   4.08000e+02  -2.09954e+00   7.70341e+00   3.02000e+02
           409   3.06283e+02   4.09000e+02  -2.03653e+00   7.68553e+00   3.02667e+02
           410   3.06962e+02   4.10000e+02  -1.97339e+00   7.66764e+00   3.03333e+02
           411   3.07641e+02   4.11000e+02  -1.91128e+00   7.64974e+00   3.04000e+02
           412   3.08328e+02   4.12000e+02  -1.85238e+00   7.63178e+00   3.04667e+02
           413   3.09011e+02   4.13000e+02  -1.79078e+00   7.61384e+00   3.05333e+02
           414   3.09687e+02   4.14000e+02  -1.73023e+00   7.59591e+00   3.06000e+02
           415   3.10367e+02   4.15000e+02  -1.67100e+00   7.57804e+00   3.06667e+02
           416   3.11043e+02   4.16000e+02  -1.62087e+00   7.56019e+00   3.07333e+02
           417   3.11721e+02   4.17000e+02  -1.56477e+00   7.54234e+00   3.08000e+02
           418   3.12402e+02   4.18000e+02  -1.50776e+00   7.52451e+00   3.08667e+02
           419   3.13083e+02   4.19000e+02  -1.45021e+00   7.50667e+00   3.09333e+02
           420   3.13760e+02   4.20000e+02  -1.39375e+00   7.48895e+00   3.10000e+02
           421   3.14445e+02   4.21000e+02  -1.33774e+00   7.47123e+00   3.10667e+02
           422   3.15122e+02   4.22000e+02  -1.28396e+00   7.45350e+00   3.11333e+02
           423   3.15797e+02   4.23000e+02  -1.23125e+00   7.43578e+00   3.12000e+02
           424   3.16479e+02   4.24000e+02  -1.18110e+00   7.41808e+00   3.12667e+02
           425   3.17160e+02   4.25000e+02  -1.12982e+00   7.40040e+00   3.13333e+02
           426   3.17835e+02   4.26000e+02  -1.07830e+00   7.38272e+00   3.14000e+02
           427   3.18514e+02   4.27000e+02  -1.02614e+00   7.36502e+00   3.14667e+02
           428   3.19199e+02   4.28000e+02  -9.76521e-01   7.34741e+00   3.15333e+02
           429   3.19878e+02   4.29000e+02  -9.25639e-01   7.32979e+00   3.16000e+02
           430   3.20548e+02   4.30000e+02  -8.76452e-01   7.31217e+00   3.16667e+02
           431   3.21224e+02   4.31000e+02  -8.28212e-01   7.29459e+00   3.17333e+02
           432   3.21899e+02   4.32000e+02  -7.89549e-01   7.27710e+00   3.18000e+02
           433   3.22578e+02   4.33000e+02  -7.47265e-01   7.25960e+00   3.18667e+02
           434   3.23259e+02   4.34000e+02  -7.05209e-01   7.24211e+00   3.19333e+02
           435   3.23937e+02   4.35000e+02  -6.64589e-01   7.22466e+00   3.20000e+02
           436   3.24616e+02   4.36000e+02  -6.25909e-01   7.20725e+00   3.20667e+02
           437   3.25295e+02   4.37000e+02  -5.87879e-01   7.18984e+00   3.21333e+02
           438   3.25969e+02   4.38000e+02  -5.51394e-01   7.17240e+00   3.22000e+02
           439   3.26644e+02   4.39000e+02  -5.15421e-01   7.15494e+00   3.22667e+02
           440   3.27319e+02   4.40000e+02  -4.91053e-01   7.13752e+00   3.23333e+02
           441   3.27995e+02   4.41000e+02  -4.60111e-01   7.12006e+00   3.24000e+02
           442   3.28671e+02   4.42000e+02  -4.27055e-01   7.10261e+00   3.24667e+02
           443   3.29346e+02   4.43000e+02  -3.93111e-01   7.08513e+00   3.25333e+02
           444   3.30021e+02   4.44000e+02  -3.66290e-01   7.06767e+00   3.26000e+02
           445   3.30700e+02   4.45000e+02  -3.37305e-01   7.05021e+00   3.26667e+02
           446   3.31372e+02   4.46000e+02  -3.09513e-01   7.03277e+00   3.27333e+02
           447   3.32048e+02   4.47000e+02  -2.81619e-01   7.01532e+00   3.28000e+02
           448   3.32723e+02   4.48000e+02  -2.52958e-01   6.99794e+00   3.28667e+02
           449   3.33396e+02   4.49000e+02  -2.24341e-01   6.98055e+00   3.29333e+02
           450   3.34073e+02   4.50000e+02  -1.95742e-01   6.96316e+00   3.30000e+02
           451   3.34749e+02   4.51000e+02  -1.64451e-01   6.94577e+00   3.30667e+02
           452   3.35426e+02   4.52000e+02  -1.33812e-01   6.92845e+00   3.31333e+02
           453   3.36100e+02   4.53000e+02  -1.02819e-01   6.91107e+00   3.32000e+02
           454   3.36770e+02   4.54000e+02  -7.45910e-02   6.89365e+00   3.32667e+02
           455   3.37439e+02   4.55000e+02  -4.74033e-02   6.87626e+00   3.33333e+02
           456   3.38119e+02   4.56000e+02  -1.82267e-02   6.85879e+00   3.34000e+02
           457   3.38802e+02   4.57000e+02   1.28799e-02   6.84127e+00   3.34667e+02
           458   3.39464e+02   4.58000e+02   4.65100e-02   6.82371e+00   3.35333e+02
           459   3.40145e+02   4.59000e+02   8.06395e-02   6.80612e+00   3.36000e+02
           460   3.40823e+02   4.60000e+02   1.16658e-01   6.78847e+00   3.36667e+02
           461   3.41499e+02   4.61000e+02   1.48080e-01   6.77086e+00   3.37333e+02
           462   3.42169e+02   4.62000e+02   1.79965e-01   6.75322e+00   3.38000e+02
           463   3.42838e+02   4.63000e+02   2.12962e-01   6.73556e+00   3.38667e+02
           464   3.43513e+02   4.64000e+02   2.41744e-01   6.71775e+00   3.39333e+02
           465   3.44192e+02   4.65000e+02   2.72077e-01   6.69991e+00   3.40000e+02
           466   3.44870e+02   4.66000e+02   3.03623e-01   6.68205e+00   3.40667e+02
           467   3.45546e+02   4.67000e+02   3.38752e-01   6.66416e+00   3.41333e+02
           468   3.46213e+02   4.68000e+02   3.76427e-01   6.64597e+00   3.42000e+02
           469   3.46884e+02   4.69000e+02   4.13346e-01   6.62789e+00   3.42667e+02
           470   3.47557e+02   4.70000e+02   4.48678e-01   6.60976e+00   3.43333e+02
           471   3.48237e+02   4.71000e+02   4.83102e-01   6.59158e+00   3.44000e+02
           472   3.48907e+02   4.72000e+02   5.17531e-01   6.57320e+00   3.44667e+02
           473   3.49582e+02   4.73000e+02   5.52851e-01   6.55477e+00   3.45333e+02
           474   3.50249e+02   4.74000e+02   5.89073e-01   6.53622e+00   3.46000e+02
           475   3.50931e+02   4.75000e+02   6.26014e-01   6.51760e+00   3.46667e+02
           476   3.51605e+02   4.76000e+02   6.72429e-01   6.49864e+00   3.47333e+02
           477   3.52278e+02   4.77000e+02   7.16358e-01   6.47968e+00   3.48000e+02
           478   3.52952e+02   4.78000e+02   7.59248e-01   6.46062e+00   3.48667e+02
           479   3.53617e+02   4.79000e+02   8.00972e-01   6.44147e+00   3.49333e+02
           480   3.54286e+02   4.80000e+02   8.38316e-01   6.42181e+00   3.50000e+02
           481   3.54962e+02   4.81000e+02   8.78126e-01   6.40218e+00   3.50667e+02
           482   3.55639e+02   4.82000e+02   9.18743e-01   6.38241e+00   3.51333e+02
           483   3.56311e+02   4.83000e+02   9.57406e-01   6.36252e+00   3.52000e+02
           484   3.56985e+02   4.84000e+02   9.99857e-01   6.34201e+00   3.52667e+02
           485   3.57663e+02   4.85000e+02   1.03612e+00   6.32161e+00   3.53333e+02
           486   3.58338e+02   4.86000e+02   1.07200e+00   6.30106e+00   3.54000e+02
           487   3.59004e+02   4.87000e+02   1.10782e+00   6.28038e+00   3.54667e+02
           488   3.59679e+02   4.88000e+02   1.13610e+00   6.25912e+00   3.55333e+02
           489   3.60346e+02   4.89000e+02   1.16856e+00   6.23792e+00   3.56000e+02
           490   3.61027e+02   4.90000e+02   1.20083e+00   6.21656e+00   3.56667e+02
           491   3.61693e+02   4.91000e+02   1.23232e+00   6.19512e+00   3.57333e+02
           492   3.62364e+02   4.92000e+02   1.25636e+00   6.17300e+00   3.58000e+02
           493   3.63030e+02   4.93000e+02   1.28921e+00   6.15093e+00   3.58667e+02
           494   3.63707e+02   4.94000e+02   1.32489e+00   6.12874e+00   3.59333e+02
           495   3.64377e+02   4.95000e+02   1.35970e+00   6.10645e+00   3.60000e+02
           496   3.65055e+02   4.96000e+02   1.39837e+00   6.08350e+00   3.60667e+02
           497   3.65728e+02   4.97000e+02   1.43429e+00   6.06070e+00   3.61333e+02
           498   3.66394e+02   4.98000e+02   1.47072e+00   6.03780e+00   3.62000e+02
           499   3.67066e+02   4.99000e+02   1.50785e+00   6.01480e+00   3.62667e+02
           500   3.67732e+02   5.00000e+02   1.54629e+00   5.99119e+00   3.63333e+02
           501   3.68409e+02   5.01000e+02   1.58373e+00   5.96770e+00   3.64000e+02
           502   3.69090e+02   5.02000e+02   1.62285e+00   5.94415e+00   3.64667e+02
           503   3.69755e+02   5.03000e+02   1.66196e+00   5.92055e+00   3.65333e+02
           504   3.70427e+02   5.04000e+02   1.70208e+00   5.89652e+00   3.66000e+02
           505   3.71096e+02   5.05000e+02   1.74195e+00   5.87262e+00   3.66667e+02
           506   3.71773e+02   5.06000e+02   1.78151e+00   5.84872e+00   3.67333e+02
           507   3.72444e+02   5.07000e+02   1.81947e+00   5.82480e+00   3.68000e+02
           508   3.73114e+02   5.08000e+02   1.86106e+00   5.80086e+00   3.68667e+02
           509   3.73782e+02   5.09000e+02   1.90159e+00   5.77704e+00   3.69333e+02
           510   3.74460e+02   5.10000e+02   1.94268e+00   5.75332e+00   3.70000e+02
           511   3.75133e+02   5.11000e+02   1.98433e+00   5.72973e+00   3.70667e+02
           512   3.75797e+02   5.12000e+02   2.02779e+00   5.70651e+00   3.71333e+02
           513   3.76469e+02   5.13000e+02   2.07391e+00   5.68329e+00   3.72000e+02
           514   3.77148e+02   5.14000e+02   2.12087e+00   5.66019e+00   3.72667e+02
           515   3.77815e+02   5.15000e+02   2.16737e+00   5.63722e+00   3.73333e+02
           516   3.78490e+02   5.16000e+02   2.21591e+00   5.61488e+00   3.74000e+02
           517   3.79156e+02   5.17000e+02   2.26277e+00   5.59252e+00   3.74667e+02
           518   3.79832e+02   5.18000e+02   2.30850e+00   5.57035e+00   3.75333e+02
           519   3.80507e+02   5.19000e+02   2.35359e+00   5.54834e+00   3.76000e+02
           520   3.81180e+02   5.20000e+02   2.40673e+00   5.52707e+00   3.76667e+02
           521   3.81857e+02   5.21000e+02   2.45639e+00   5.50577e+00   3.77333e+02
           522   3.82528e+02   5.22000e+02   2.50705e+00   5.48469e+00   3.78000e+02
           523   3.83203e+02   5.23000e+02   2.55980e+00   5.46382e+00   3.78667e+02
           524   3.83867e+02   5.24000e+02   2.61118e+00   5.44382e+00   3.79333e+02
           525   3.84544e+02   5.25000e+02   2.66532e+00   5.42374e+00   3.80000e+02
           526   3.85215e+02   5.26000e+02   2.72088e+00   5.40389e+00   3.80667e+02
           527   3.85880e+02   5.27000e+02   2.77670e+00   5.38421e+00   3.81333e+02
           528   3.86557e+02   5.28000e+02   2.83599e+00   5.36550e+00   3.82000e+02
           529   3.87227e+02   5.29000e+02   2.89380e+00   5.34671e+00   3.82667e+02
           530   3.87905e+02   5.30000e+02   2.95134e+00   5.32811e+00   3.83333e+02
           531   3.88579e+02   5.31000e+02   3.00966e+00   5.30971e+00   3.84000e+02
           532   3.89252e+02   5.32000e+02   3.07834e+00   5.29240e+00   3.84667e+02
           533   3.89922e+02   5.33000e+02   3.14125e+00   5.27492e+00   3.85333e+02
           534   3.90598e+02   5.34000e+02   3.20435e+00   5.25764e+00   3.86000e+02
           535   3.91267e+02   5.35000e+02   3.26848e+00   5.24055e+00   3.86667e+02
           536   3.91936e+02   5.36000e+02   3.32897e+00   5.22455e+00   3.87333e+02
           537   3.92612e+02   5.37000e+02   3.38890e+00   5.20838e+00   3.88000e+02
           538   3.93282e+02   5.38000e+02   3.44902e+00   5.19238e+00   3.88667e+02
           539   3.93953e+02   5.39000e+02   3.50803e+00   5.17654e+00   3.89333e+02
           540   3.94623e+02   5.40000e+02   3.56835e+00   5.16167e+00   3.90000e+02
           541   3.95299e+02   5.41000e+02   3.62695e+00   5.14664e+00   3.90667e+02
           542   3.95969e+02   5.42000e+02   3.68544e+00   5.13176e+00   3.91333e+02
           543   3.96645e+02   5.43000e+02   3.74502e+00   5.11702e+00   3.92000e+02
           544   3.97315e+02   5.44000e+02   3.79894e+00   5.10313e+00   3.92667e+02
           545   3.97977e+02   5.45000e+02   3.85317e+00   5.08913e+00   3.93333e+02
           546   3.98652e+02   5.46000e+02   3.91014e+00   5.07527e+00   3.94000e+02
           547   3.99321e+02   5.47000e+02   3.96790e+00   5.06155e+00   3.94667e+02
           548   3.99990e+02   5.48000e+02   4.01982e+00   5.04873e+00   3.95333e+02
           549   4.00657e+02   5.49000e+02   4.07589e+00   5.03573e+00   3.96000e+02
           550   4.01329e+02   5.50000e+02   4.13539e+00   5.02285e+00   3.96667e+02
           551   4.02004e+02   5.51000e+02   4.19722e+00   5.01009e+00   3.97333e+02
           552   4.02667e+02   5.52000e+02   4.26182e+00   4.99816e+00   3.98000e+02
           553   4.03334e+02   5.53000e+02   4.32569e+00   4.98611e+00   3.98667e+02
           554   4.04004e+02   5.54000e+02   4.39094e+00   4.97420e+00   3.99333e+02
           555   4.04684e+02   5.55000e+02   4.45589e+00   4.96242e+00   4.00000e+02
           556   4.05347e+02   5.56000e+02   4.52946e+00   4.95123e+00   4.00667e+02
           557   4.06016e+02   5.57000e+02   4.59658e+00   4.93993e+00   4.01333e+02
           558   4.06687e+02   5.58000e+02   4.66327e+00   4.92873e+00   4.02000e+02
           559   4.07361e+02   5.59000e+02   4.73066e+00   4.91765e+00   4.02667e+02
           560   4.08030e+02   5.60000e+02   4.80512e+00   4.90697e+00   4.03333e+02
           561   4.08697e+02   5.61000e+02   4.87575e+00   4.89627e+00   4.04000e+02
           562   4.09375e+02   5.62000e+02   4.94633e+00   4.88567e+00   4.04667e+02
           563   4.10042e+02   5.63000e+02   5.01518e+00   4.87516e+00   4.05333e+02
           564   4.10713e+02   5.64000e+02   5.07913e+00   4.86508e+00   4.06000e+02
           565   4.11377e+02   5.65000e+02   5.14407e+00   4.85490e+00   4.06667e+02
           566   4.12047e+02   5.66000e+02   5.20897e+00   4.84476e+00   4.07333e+02
           567   4.12715e+02   5.67000e+02   5.27470e+00   4.83466e+00   4.08000e+02
           568   4.13382e+02   5.68000e+02   5.34021e+00   4.82480e+00   4.08667e+02
           569   4.14050e+02   5.69000e+02   5.40642e+00   4.81483e+00   4.09333e+02
           570   4.14723e+02   5.70000e+02   5.47192e+00   4.80488e+00   4.10000e+02
           571   4.15393e+02   5.71000e+02   5.53694e+00   4.79499e+00   4.10667e+02
           572   4.16050e+02   5.72000e+02   5.59366e+00   4.78517e+00   4.11333e+02
           573   4.16722e+02   5.73000e+02   5.65568e+00   4.77543e+00   4.12000e+02
           574   4.17389e+02   5.74000e+02   5.71933e+00   4.76575e+00   4.12667e+02
           575   4.18056e+02   5.75000e+02   5.78204e+00   4.75609e+00   4.13333e+02
           576   4.18725e+02   5.76000e+02   5.84573e+00   4.74670e+00   4.14000e+02
           577   4.19396e+02   5.77000e+02   5.90645e+00   4.73729e+00   4.14667e+02
           578   4.20061e+02   5.78000e+02   5.96741e+00   4.72791e+00   4.15333e+02
           579   4.20729e+02   5.79000e+02   6.02820e+00   4.71853e+00   4.16000e+02
           580   4.21390e+02   5.80000e+02   6.08391e+00   4.70938e+00   4.16667e+02
           581   4.22061e+02   5.81000e+02   6.14317e+00   4.70018e+00   4.17333e+02
           582   4.22733e+02   5.82000e+02   6.20520e+00   4.69101e+00   4.18000e+02
           583   4.23394e+02   5.83000e+02   6.26895e+00   4.68188e+00   4.18667e+02
           584   4.24060e+02   5.84000e+02   6.33205e+00   4.67287e+00   4.19333e+02
           585   4.24727e+02   5.85000e+02   6.39147e+00   4.66381e+00   4.20000e+02
           586   4.25395e+02   5.86000e+02   6.44854e+00   4.65469e+00   4.20667e+02
           587   4.26060e+02   5.87000e+02   6.50502e+00   4.64558e+00   4.21333e+02
           588   4.26727e+02   5.88000e+02   6.56978e+00   4.63662e+00   4.22000e+02
           589   4.27398e+02   5.89000e+02   6.63357e+00   4.62764e+00   4.22667e+02
           590   4.28060e+02   5.90000e+02   6.69560e+00   4.61866e+00   4.23333e+02
           591   4.28731e+02   5.91000e+02   6.75630e+00   4.60969e+00   4.24000e+02
           592   4.29407e+02   5.92000e+02   6.81686e+00   4.60084e+00   4.24667e+02
           593   4.30066e+02   5.93000e+02   6.87295e+00   4.59199e+00   4.25333e+02
           594   4.30725e+02   5.94000e+02   6.92700e+00   4.58314e+00   4.26000e+02
           595   4.31391e+02   5.95000e+02   6.98100e+00   4.57429e+00   4.26667e+02
           596   4.32061e+02   5.96000e+02   7.03192e+00   4.56557e+00   4.27333e+02
           597   4.32735e+02   5.97000e+02   7.08549e+00   4.55684e+00   4.28000e+02
           598   4.33401e+02   5.98000e+02   7.13791e+00   4.54816e+00   4.28667e+02
           599   4.34063e+02   5.99000e+02   7.18910e+00   4.53948e+00   4.29333e+02
           600   4.34728e+02   6.00000e+02   7.22998e+00   4.53097e+00   4.30000e+02
           601   4.35392e+02   6.01000e+02   7.27506e+00   4.52237e+00   4.30667e+02
           602   4.36050e+02   6.02000e+02   7.32116e+00   4.51375e+00   4.31333e+02
           603   4.36719e+02   6.03000e+02   7.36676e+00   4.50516e+00   4.32000e+02
           604   4.37384e+02   6.04000e+02   7.40424e+00   4.49672e+00   4.32667e+02
           605   4.38048e+02   6.05000e+02   7.44507e+00   4.48829e+00   4.33333e+02
           606   4.38715e+02   6.06000e+02   7.48572e+00   4.47986e+00   4.34000e+02
           607   4.39377e+02   6.07000e+02   7.52578e+00   4.47148e+00   4.34667e+02
           608   4.40041e+02   6.08000e+02   7.55982e+00   4.46330e+00   4.35333e+02
           609   4.40703e+02   6.09000e+02   7.59820e+00   4.45507e+00   4.36000e+02
           610   4.41370e+02   6.10000e+02   7.63803e+00   4.44692e+00   4.36667e+02
           611   4.42035e+02   6.11000e+02   7.67927e+00   4.43883e+00   4.37333e+02
           612   4.42692e+02   6.12000e+02   7.71298e+00   4.43092e+00   4.38000e+02
           613   4.43360e+02   6.13000e+02   7.74495e+00   4.42298e+00   4.38667e+02
           614   4.44024e+02   6.14000e+02   7.77909e+00   4.41502e+00   4.39333e+02
           615   4.44688e+02   6.15000e+02   7.81603e+00   4.40703e+00   4.40000e+02
           616   4.45353e+02   6.16000e+02   7.85455e+00   4.39923e+00   4.40667e+02
           617   4.46017e+02   6.17000e+02   7.89364e+00   4.39138e+00   4.41333e+02
           618   4.46679e+02   6.18000e+02   7.93403e+00   4.38356e+00   4.42000e+02
           619   4.47344e+02   6.19000e+02   7.97399e+00   4.37569e+00   4.42667e+02
           620   4.48011e+02   6.20000e+02   8.01346e+00   4.36796e+00   4.43333e+02
           621   4.48667e+02   6.21000e+02   8.05365e+00   4.36025e+00   4.44000e+02
           622   4.49325e+02   6.22000e+02   8.09047e+00   4.35256e+00   4.44667e+02
           623   4.49995e+02   6.23000e+02   8.12683e+00   4.34492e+00   4.45333e+02
           624   4.50662e+02   6.24000e+02   8.17043e+00   4.33739e+00   4.46000e+02
           625   4.51321e+02   6.25000e+02   8.20981e+00   4.32984e+00   4.46667e+02
           626   4.51989e+02   6.26000e+02   8.24904e+00   4.32228e+00   4.47333e+02
           627   4.52653e+02   6.27000e+02   8.28734e+00   4.31476e+00   4.48000e+02
           628   4.53317e+02   6.28000e+02   8.32071e+00   4.30737e+00   4.48667e+02
           629   4.53981e+02   6.29000e+02   8.35587e+00   4.30000e+00   4.49333e+02
           630   4.54639e+02   6.30000e+02   8.38987e+00   4.29266e+00   4.50000e+02
           631   4.55297e+02   6.31000e+02   8.42259e+00   4.28531e+00   4.50667e+02
           632   4.55964e+02   6.32000e+02   8.44727e+00   4.27812e+00   4.51333e+02
           633   4.56622e+02   6.33000e+02   8.47682e+00   4.27089e+00   4.52000e+02
           634   4.57289e+02   6.34000e+02   8.50680e+00   4.26368e+00   4.52667e+02
           635   4.57953e+02   6.35000e+02   8.53508e+00   4.25649e+00   4.53333e+02
           636   4.58608e+02   6.36000e+02   8.55905e+00   4.24943e+00   4.54000e+02
           637   4.59275e+02   6.37000e+02   8.58786e+00   4.24244e+00   4.54667e+02
           638   4.59933e+02   6.38000e+02   8.61774e+00   4.23550e+00   4.55333e+02
           639   4.60599e+02   6.39000e+02   8.64618e+00   4.22858e+00   4.56000e+02
           640   4.61253e+02   6.40000e+02   8.66476e+00   4.22190e+00   4.56667e+02
           641   4.61915e+02   6.41000e+02   8.68798e+00   4.21518e+00   4.57333e+02
           642   4.62584e+02   6.42000e+02   8.71074e+00   4.20846e+00   4.58000e+02
           643   4.63241e+02   6.43000e+02   8.73323e+00   4.20173e+00   4.58667e+02
           644   4.63902e+02   6.44000e+02   8.75491e+00   4.19515e+00   4.59333e+02
           645   4.64564e+02   6.45000e+02   8.77957e+00   4.18853e+00   4.60000e+02
           646   4.65230e+02   6.46000e+02   8.80761e+00   4.18193e+00   4.60667e+02
           647   4.65889e+02   6.47000e+02   8.83645e+00   4.17533e+00   4.61333e+02
           648   4.66545e+02   6.48000e+02   8.86119e+00   4.16887e+00   4.62000e+02
           649   4.67208e+02   6.49000e+02   8.88455e+00   4.16240e+00   4.62667e+02
           650   4.67863e+02   6.50000e+02   8.90692e+00   4.15592e+00   4.63333e+02
           651   4.68521e+02   6.51000e+02   8.92786e+00   4.14947e+00   4.64000e+02
           652   4.69184e+02   6.52000e+02   8.95322e+00   4.14317e+00   4.64667e+02
           653   4.69846e+02   6.53000e+02   8.97622e+00   4.13685e+00   4.65333e+02
           654   4.70513e+02   6.54000e+02   8.99871e+00   4.13049e+00   4.66000e+02
           655   4.71174e+02   6.55000e+02   9.02352e+00   4.12416e+00   4.66667e+02
           656   4.71838e+02   6.56000e+02   9.04921e+00   4.11795e+00   4.67333e+02
           657   4.72489e+02   6.57000e+02   9.07094e+00   4.11173e+00   4.68000e+02
           658   4.73148e+02   6.58000e+02   9.09314e+00   4.10553e+00   4.68667e+02
           659   4.73809e+02   6.59000e+02   9.11807e+00   4.09935e+00   4.69333e+02
           660   4.74466e+02   6.60000e+02   9.13586e+00   4.09327e+00   4.70000e+02
           661   4.75130e+02   6.61000e+02   9.15872e+00   4.08721e+00   4.70667e+02
           662   4.75785e+02   6.62000e+02   9.18174e+00   4.08122e+00   4.71333e+02
           663   4.76451e+02   6.63000e+02   9.20258e+00   4.07526e+00   4.72000e+02
           664   4.77112e+02   6.64000e+02   9.22854e+00   4.06942e+00   4.72667e+02
           665   4.77769e+02   6.65000e+02   9.24987e+00   4.06352e+00   4.73333e+02
           666   4.78426e+02   6.66000e+02   9.26828e+00   4.05764e+00   4.74000e+02
           667   4.79091e+02   6.67000e+02   9.28502e+00   4.05181e+00   4.74667e+02
           668   4.79750e+02   6.68000e+02   9.30095e+00   4.04606e+00   4.75333e+02
           669   4.80410e+02   6.69000e+02   9.31699e+00   4.04035e+00   4.76000e+02
           670   4.81074e+02   6.70000e+02   9.33218e+00   4.03465e+00   4.76667e+02
           671   4.81725e+02   6.71000e+02   9.34744e+00   4.02896e+00   4.77333e+02
           672   4.82383e+02   6.72000e+02   9.35036e+00   4.02348e+00   4.78000e+02
           673   4.83045e+02   6.73000e+02   9.36240e+00   4.01796e+00   4.78667e+02
           674   4.83706e+02   6.74000e+02   9.37782e+00   4.01248e+00   4.79333e+02
           675   4.84359e+02   6.75000e+02   9.39303e+00   4.00701e+00   4.80000e+02
           676   4.85019e+02   6.76000e+02   9.40473e+00   4.00171e+00   4.80667e+02
           677   4.85682e+02   6.77000e+02   9.41990e+00   3.99634e+00   4.81333e+02
           678   4.86337e+02   6.78000e+02   9.43535e+00   3.99100e+00   4.82000e+02
           679   4.86997e+02   6.79000e+02   9.45136e+00   3.98570e+00   4.82667e+02
           680   4.87653e+02   6.80000e+02   9.46916e+00   3.98041e+00   4.83333e+02
           681   4.88314e+02   6.81000e+02   9.48530e+00   3.97509e+00   4.84000e+02
           682   4.88980e+02   6.82000e+02   9.50188e+00   3.96974e+00   4.84667e+02
           683   4.89639e+02   6.83000e+02   9.51886e+00   3.96440e+00   4.85333e+02
           684   4.90293e+02   6.84000e+02   9.53700e+00   3.95904e+00   4.86000e+02
           685   4.90954e+02   6.85000e+02   9.55304e+00   3.95368e+00   4.86667e+02
           686   4.91617e+02   6.86000e+02   9.56923e+00   3.94834e+00   4.87333e+02
           687   4.92272e+02   6.87000e+02   9.58820e+00   3.94302e+00   4.88000e+02
           688   4.92932e+02   6.88000e+02   9.60388e+00   3.93767e+00   4.88667e+02
           689   4.93591e+02   6.89000e+02   9.62040e+00   3.93234e+00   4.89333e+02
           690   4.94256e+02   6.90000e+02   9.63713e+00   3.92705e+00   4.90000e+02
           691   4.94914e+02   6.91000e+02   9.65317e+00   3.92178e+00   4.90667e+02
           692   4.95572e+02   6.92000e+02   9.66324e+00   3.91644e+00   4.91333e+02
           693   4.96226e+02   6.93000e+02   9.67328e+00   3.91114e+00   4.92000e+02
           694   4.96891e+02   6.94000e+02   9.68445e+00   3.90585e+00   4.92667e+02
           695   4.97552e+02   6.95000e+02   9.69674e+00   3.90053e+00   4.93333e+02
           696   4.98218e+02   6.96000e+02   9.71055e+00   3.89523e+00   4.94000e+02
           697   4.98867e+02   6.97000e+02   9.72344e+00   3.88996e+00   4.94667e+02
           698   4.99529e+02   6.98000e+02   9.73686e+00   3.88469e+00   4.95333e+02
           699   5.00191e+02   6.99000e+02   9.75275e+00   3.87939e+00   4.96000e+02
           700   5.00842e+02   7.00000e+02   9.76062e+00   3.87414e+00   4.96667e+02
           701   5.01498e+02   7.01000e+02   9.77011e+00   3.86890e+00   4.97333e+02
           702   5.02161e+02   7.02000e+02   9.78124e+00   3.86366e+00   4.98000e+02
           703   5.02818e+02   7.03000e+02   9.79530e+00   3.85838e+00   4.98667e+02
           704   5.03485e+02   7.04000e+02   9.81080e+00   3.85312e+00   4.99333e+02
           705   5.04140e+02   7.05000e+02   9.82099e+00   3.84789e+00   5.00000e+02
           706   5.04798e+02   7.06000e+02   9.83182e+00   3.84265e+00   5.00667e+02
           707   5.05458e+02   7.07000e+02   9.84149e+00   3.83738e+00   5.01333e+02
           708   5.06120e+02   7.08000e+02   9.84756e+00   3.83214e+00   5.02000e+02
           709   5.06770e+02   7.09000e+02   9.85515e+00   3.82693e+00   5.02667e+02
           710   5.07426e+02   7.10000e+02   9.86715e+00   3.82173e+00   5.03333e+02
           711   5.08090e+02   7.11000e+02   9.88177e+00   3.81650e+00   5.04000e+02
           712   5.08746e+02   7.12000e+02   9.88932e+00   3.81134e+00   5.04667e+02
           713   5.09394e+02   7.13000e+02   9.89820e+00   3.80617e+00   5.05333e+02
           714   5.10058e+02   7.14000e+02   9.90567e+00   3.80096e+00   5.06000e+02
           715   5.10715e+02   7.15000e+02   9.91469e+00   3.79576e+00   5.06667e+02
           716   5.11370e+02   7.16000e+02   9.92880e+00   3.79049e+00   5.07333e+02
           717   5.12022e+02   7.17000e+02   9.94268e+00   3.78522e+00   5.08000e+02
           718   5.12688e+02   7.18000e+02   9.95600e+00   3.77996e+00   5.08667e+02
           719   5.13350e+02   7.19000e+02   9.97001e+00   3.77465e+00   5.09333e+02
           720   5.14008e+02   7.20000e+02   9.99999e+00   3.76924e+00   5.10000e+02
           721   5.14661e+02   7.21000e+02   1.00264e+01   3.76386e+00   5.10667e+02
           722   5.15313e+02   7.22000e+02   1.00508e+01   3.75847e+00   5.11333e+02
           723   5.15967e+02   7.23000e+02   1.00742e+01   3.75305e+00   5.12000e+02
           724   5.16628e+02   7.24000e+02   1.00975e+01   3.74763e+00   5.12667e+02
           725   5.17293e+02   7.25000e+02   1.01188e+01   3.74220e+00   5.13333e+02
           726   5.17947e+02   7.26000e+02   1.01409e+01   3.73681e+00   5.14000e+02
           727   5.18597e+02   7.27000e+02   1.01642e+01   3.73146e+00   5.14667e+02
           728   5.19263e+02   7.28000e+02   1.01930e+01   3.72611e+00   5.15333e+02
           729   5.19924e+02   7.29000e+02   1.02150e+01   3.72079e+00   5.16000e+02
           730   5.20580e+02   7.30000e+02   1.02355e+01   3.71553e+00   5.16667e+02
           731   5.21234e+02   7.31000e+02   1.02551e+01   3.71031e+00   5.17333e+02
           732   5.21885e+02   7.32000e+02   1.02640e+01   3.70520e+00   5.18000e+02
           733   5.22542e+02   7.33000e+02   1.02807e+01   3.70009e+00   5.18667e+02
           734   5.23199e+02   7.34000e+02   1.03001e+01   3.69500e+00   5.19333e+02
           735   5.23859e+02   7.35000e+02   1.03199e+01   3.68993e+00   5.20000e+02
           736   5.24510e+02   7.36000e+02   1.03368e+01   3.68512e+00   5.20667e+02
           737   5.25166e+02   7.37000e+02   1.03552e+01   3.68032e+00   5.21333e+02
           738   5.25819e+02   7.38000e+02   1.03745e+01   3.67556e+00   5.22000e+02
           739   5.26476e+02   7.39000e+02   1.03934e+01   3.67086e+00   5.22667e+02
           740   5.27130e+02   7.40000e+02   1.04129e+01   3.66653e+00   5.23333e+02
           741   5.27785e+02   7.41000e+02   1.04296e+01   3.66221e+00   5.24000e+02
           742   5.28445e+02   7.42000e+02   1.04450e+01   3.65796e+00   5.24667e+02
           743   5.29099e+02   7.43000e+02   1.04612e+01   3.65376e+00   5.25333e+02
           744   5.29755e+02   7.44000e+02   1.04860e+01   3.64999e+00   5.26000e+02
           745   5.30409e+02   7.45000e+02   1.05072e+01   3.64612e+00   5.26667e+02
           746   5.31066e+02   7.46000e+02   1.05235e+01   3.64234e+00   5.27333e+02
           747   5.31721e+02   7.47000e+02   1.05373e+01   3.63864e+00   5.28000e+02
           748   5.32380e+02   7.48000e+02   1.05489e+01   3.63520e+00   5.28667e+02
           749   5.33032e+02   7.49000e+02   1.05656e+01   3.63169e+00   5.29333e+02
           750   5.33681e+02   7.50000e+02   1.05835e+01   3.62825e+00   5.30000e+02
           751   5.34338e+02   7.51000e+02   1.05992e+01   3.62485e+00   5.30667e+02
           752   5.34995e+02   7.52000e+02   1.06098e+01   3.62165e+00   5.31333e+02
           753   5.35659e+02   7.53000e+02   1.06178e+01   3.61840e+00   5.32000e+02
           754   5.36305e+02   7.54000e+02   1.06239e+01   3.61516e+00   5.32667e+02
           755   5.36954e+02   7.55000e+02   1.06307e+01   3.61200e+00   5.33333e+02
           756   5.37606e+02   7.56000e+02   1.06253e+01   3.60904e+00   5.34000e+02
           757   5.38267e+02   7.57000e+02   1.06241e+01   3.60604e+00   5.34667e+02
           758   5.38926e+02   7.58000e+02   1.06235e+01   3.60305e+00   5.35333e+02
           759   5.39578e+02   7.59000e+02   1.06243e+01   3.60008e+00   5.36000e+02
           760   5.40225e+02   7.60000e+02   1.06204e+01   3.59725e+00   5.36667e+02
           761   5.40878e+02   7.61000e+02   1.06232e+01   3.59436e+00   5.37333e+02
           762   5.41524e+02   7.62000e+02   1.06280e+01   3.59146e+00   5.38000e+02
           763   5.42184e+02   7.63000e+02   1.06337e+01   3.58856e+00   5.38667e+02
           764   5.42838e+02   7.64000e+02   1.06323e+01   3.58569e+00   5.39333e+02
           765   5.43491e+02   7.65000e+02   1.06327e+01   3.58287e+00   5.40000e+02
           766   5.44140e+02   7.66000e+02   1.06332e+01   3.58007e+00   5.40667e+02
           767   5.44793e+02   7.67000e+02   1.06344e+01   3.57728e+00   5.41333e+02
           768   5.45455e+02   7.68000e+02   1.06429e+01   3.57454e+00   5.42000e+02
           769   5.46112e+02   7.69000e+02   1.06455e+01   3.57179e+00   5.42667e+02
           770   5.46764e+02   7.70000e+02   1.06461e+01   3.56909e+00   5.43333e+02
           771   5.47419e+02   7.71000e+02   1.06467e+01   3.56639e+00   5.44000e+02
           772   5.48070e+02   7.72000e+02   1.06380e+01   3.56369e+00   5.44667e+02
           773   5.48722e+02   7.73000e+02   1.06318e+01   3.56098e+00   5.45333e+02
           774   5.49376e+02   7.74000e+02   1.06281e+01   3.55831e+00   5.46000e+02
           775   5.50027e+02   7.75000e+02   1.06245e+01   3.55564e+00   5.46667e+02
           776   5.50685e+02   7.76000e+02   1.06171e+01   3.55302e+00   5.47333e+02
           777   5.51333e+02   7.77000e+02   1.06138e+01   3.55039e+00   5.48000e+02
           778   5.51989e+02   7.78000e+02   1.06134e+01   3.54775e+00   5.48667e+02
           779   5.52641e+02   7.79000e+02   1.06133e+01   3.54514e+00   5.49333e+02
           780   5.53290e+02   7.80000e+02   1.06058e+01   3.54255e+00   5.50000e+02
           781   5.53940e+02   7.81000e+02   1.05998e+01   3.53992e+00   5.50667e+02
           782   5.54597e+02   7.82000e+02   1.05937e+01   3.53731e+00   5.51333e+02
           783   5.55250e+02   7.83000e+02   1.05878e+01   3.53467e+00   5.52000e+02
           784   5.55905e+02   7.84000e+02   1.05892e+01   3.53205e+00   5.52667e+02
           785   5.56556e+02   7.85000e+02   1.05862e+01   3.52945e+00   5.53333e+02
           786   5.57212e+02   7.86000e+02   1.05830e+01   3.52688e+00   5.54000e+02
           787   5.57867e+02   7.87000e+02   1.05821e+01   3.52430e+00   5.54667e+02
           788   5.58514e+02   7.88000e+02   1.05759e+01   3.52176e+00   5.55333e+02
           789   5.59166e+02   7.89000e+02   1.05715e+01   3.51921e+00   5.56000e+02
           790   5.59817e+02   7.90000e+02   1.05664e+01   3.51667e+00   5.56667e+02
           791   5.60469e+02   7.91000e+02   1.05567e+01   3.51416e+00   5.57333e+02
           792   5.61120e+02   7.92000e+02   1.05467e+01   3.51164e+00   5.58000e+02
           793   5.61779e+02   7.93000e+02   1.05426e+01   3.50917e+00   5.58667e+02
           794   5.62423e+02   7.94000e+02   1.05386e+01   3.50671e+00   5.59333e+02
           795   5.63084e+02   7.95000e+02   1.05356e+01   3.50428e+00   5.60000e+02
           796   5.63737e+02   7.96000e+02   1.05349e+01   3.50188e+00   5.60667e+02
           797   5.64386e+02   7.97000e+02   1.05314e+01   3.49948e+00   5.61333e+02
           798   5.65042e+02   7.98000e+02   1.05267e+01   3.49711e+00   5.62000e+02
           799   5.65687e+02   7.99000e+02   1.05217e+01   3.49472e+00   5.62667e+02
           800   5.66332e+02   8.00000e+02   1.05089e+01   3.49236e+00   5.63333e+02
           801   5.66998e+02   8.01000e+02   1.05033e+01   3.49000e+00   5.64000e+02
           802   5.67652e+02   8.02000e+02   1.05000e+01   3.48766e+00   5.64667e+02
           803   5.68301e+02   8.03000e+02   1.04981e+01   3.48537e+00   5.65333e+02
           804   5.68957e+02   8.04000e+02   1.05050e+01   3.48308e+00   5.66000e+02
           805   5.69612e+02   8.05000e+02   1.05085e+01   3.48078e+00   5.66667e+02
           806   5.70260e+02   8.06000e+02   1.05145e+01   3.47845e+00   5.67333e+02
           807   5.70911e+02   8.07000e+02   1.05225e+01   3.47615e+00   5.68000e+02
           808   5.71559e+02   8.08000e+02   1.05248e+01   3.47386e+00   5.68667e+02
           809   5.72219e+02   8.09000e+02   1.05273e+01   3.47156e+00   5.69333e+02
           810   5.72870e+02   8.10000e+02   1.05313e+01   3.46929e+00   5.70000e+02
           811   5.73524e+02   8.11000e+02   1.05356e+01   3.46705e+00   5.70667e+02
           812   5.74180e+02   8.12000e+02   1.05499e+01   3.46482e+00   5.71333e+02
           813   5.74831e+02   8.13000e+02   1.05556e+01   3.46260e+00   5.72000e+02
           814   5.75489e+02   8.14000e+02   1.05585e+01   3.46039e+00   5.72667e+02
           815   5.76147e+02   8.15000e+02   1.05605e+01   3.45815e+00   5.73333e+02
           816   5.76799e+02   8.16000e+02   1.05640e+01   3.45595e+00   5.74000e+02
           817   5.77443e+02   8.17000e+02   1.05640e+01   3.45375e+00   5.74667e+02
           818   5.78098e+02   8.18000e+02   1.05616e+01   3.45153e+00   5.75333e+02
           819   5.78752e+02   8.19000e+02   1.05596e+01   3.44933e+00   5.76000e+02
           820   5.79403e+02   8.20000e+02   1.05523e+01   3.44717e+00   5.76667e+02
           821   5.80054e+02   8.21000e+02   1.05468e+01   3.44495e+00   5.77333e+02
           822   5.80711e+02   8.22000e+02   1.05401e+01   3.44275e+00   5.78000e+02
           823   5.81358e+02   8.23000e+02   1.05344e+01   3.44057e+00   5.78667e+02
           824   5.82017e+02   8.24000e+02   1.05192e+01   3.43839e+00   5.79333e+02
           825   5.82664e+02   8.25000e+02   1.05078e+01   3.43617e+00   5.80000e+02
           826   5.83312e+02   8.26000e+02   1.04965e+01   3.43397e+00   5.80667e+02
           827   5.83967e+02   8.27000e+02   1.04848e+01   3.43179e+00   5.81333e+02
           828   5.84627e+02   8.28000e+02   1.04705e+01   3.42964e+00   5.82000e+02
           829   5.85279e+02   8.29000e+02   1.04562e+01   3.42745e+00   5.82667e+02
           830   5.85919e+02   8.30000e+02   1.04401e+01   3.42528e+00   5.83333e+02
           831   5.86578e+02   8.31000e+02   1.04236e+01   3.42313e+00   5.84000e+02
           832   5.87226e+02   8.32000e+02   1.03976e+01   3.42104e+00   5.84667e+02
           833   5.87877e+02   8.33000e+02   1.03780e+01   3.41893e+00   5.85333e+02
           834   5.88531e+02   8.34000e+02   1.03599e+01   3.41679e+00   5.86000e+02
           835   5.89183e+02   8.35000e+02   1.03419e+01   3.41464e+00   5.86667e+02
           836   5.89840e+02   8.36000e+02   1.03205e+01   3.41254e+00   5.87333e+02
           837   5.90494e+02   8.37000e+02   1.02981e+01   3.41043e+00   5.88000e+02
           838   5.91136e+02   8.38000e+02   1.02787e+01   3.40829e+00   5.88667e+02
           839   5.91788e+02   8.39000e+02   1.02603e+01   3.40612e+00   5.89333e+02
           840   5.92441e+02   8.40000e+02   1.02355e+01   3.40393e+00   5.90000e+02
           841   5.93094e+02   8.41000e+02   1.02143e+01   3.40175e+00   5.90667e+02
           842   5.93749e+02   8.42000e+02   1.01945e+01   3.39959e+00   5.91333e+02
           843   5.94400e+02   8.43000e+02   1.01753e+01   3.39745e+00   5.92000e+02
           844   5.95052e+02   8.44000e+02   1.01575e+01   3.39529e+00   5.92667e+02
           845   5.95700e+02   8.45000e+02   1.01348e+01   3.39311e+00   5.93333e+02
           846   5.96356e+02   8.46000e+02   1.01102e+01   3.39094e+00   5.94000e+02
           847   5.97010e+02   8.47000e+02   1.00859e+01   3.38879e+00   5.94667e+02
           848   5.97659e+02   8.48000e+02   1.00681e+01   3.38671e+00   5.95333e+02
           849   5.98313e+02   8.49000e+02   1.00491e+01   3.38464e+00   5.96000e+02
           850   5.98963e+02   8.50000e+02   1.00292e+01   3.38260e+00   5.96667e+02
           851   5.99616e+02   8.51000e+02   1.00095e+01   3.38057e+00   5.97333e+02
           852   6.00271e+02   8.52000e+02   9.98498e+00   3.37862e+00   5.98000e+02
           853   6.00917e+02   8.53000e+02   9.96341e+00   3.37657e+00   5.98667e+02
           854   6.01563e+02   8.54000e+02   9.94254e+00   3.37450e+00   5.99333e+02
           855   6.02213e+02   8.55000e+02   9.92106e+00   3.37244e+00   6.00000e+02
           856   6.02869e+02   8.56000e+02   9.90234e+00   3.37032e+00   6.00667e+02
           857   6.03527e+02   8.57000e+02   9.88121e+00   3.36824e+00   6.01333e+02
           858   6.04175e+02   8.58000e+02   9.86011e+00   3.36618e+00   6.02000e+02
           859   6.04830e+02   8.59000e+02   9.83939e+00   3.36412e+00   6.02667e+02
           860   6.05479e+02   8.60000e+02   9.81339e+00   3.36209e+00   6.03333e+02
           861   6.06132e+02   8.61000e+02   9.78837e+00   3.36005e+00   6.04000e+02
           862   6.06782e+02   8.62000e+02   9.76204e+00   3.35803e+00   6.04667e+02
           863   6.07432e+02   8.63000e+02   9.73170e+00   3.35601e+00   6.05333e+02
           864   6.08088e+02   8.64000e+02   9.69898e+00   3.35398e+00   6.06000e+02
           865   6.08733e+02   8.65000e+02   9.67327e+00   3.35189e+00   6.06667e+02
           866   6.09383e+02   8.66000e+02   9.64928e+00   3.34978e+00   6.07333e+02
           867   6.10040e+02   8.67000e+02   9.62459e+00   3.34767e+00   6.08000e+02
           868   6.10687e+02   8.68000e+02   9.59285e+00   3.34550e+00   6.08667e+02
           869   6.11337e+02   8.69000e+02   9.56476e+00   3.34338e+00   6.09333e+02
           870   6.11993e+02   8.70000e+02   9.53762e+00   3.34128e+00   6.10000e+02
           871   6.12638e+02   8.71000e+02   9.51273e+00   3.33918e+00   6.10667e+02
           872   6.13285e+02   8.72000e+02   9.48712e+00   3.33714e+00   6.11333e+02
           873   6.13947e+02   8.73000e+02   9.46068e+00   3.33510e+00   6.12000e+02
           874   6.14601e+02   8.74000e+02   9.43595e+00   3.33305e+00   6.12667e+02
           875   6.15251e+02   8.75000e+02   9.41353e+00   3.33102e+00   6.13333e+02
           876   6.15900e+02   8.76000e+02   9.39433e+00   3.32903e+00   6.14000e+02
           877   6.16553e+02   8.77000e+02   9.37353e+00   3.32702e+00   6.14667e+02
           878   6.17202e+02   8.78000e+02   9.35351e+00   3.32501e+00   6.15333e+02
           879   6.17855e+02   8.79000e+02   9.33417e+00   3.32300e+00   6.16000e+02
           880   6.18511e+02   8.80000e+02   9.31456e+00   3.32100e+00   6.16667e+02
           881   6.19160e+02   8.81000e+02   9.29595e+00   3.31900e+00   6.17333e+02
           882   6.19810e+02   8.82000e+02   9.27955e+00   3.31700e+00   6.18000e+02
           883   6.20467e+02   8.83000e+02   9.26307e+00   3.31500e+00   6.18667e+02
           884   6.21112e+02   8.84000e+02   9.24149e+00   3.31300e+00   6.19333e+02
           885   6.21769e+02   8.85000e+02   9.21375e+00   3.31100e+00   6.20000e+02
           886   6.22421e+02   8.86000e+02   9.18532e+00   3.30900e+00   6.20667e+02
           887   6.23079e+02   8.87000e+02   9.15734e+00   3.30700e+00   6.21333e+02
           888   6.23722e+02   8.88000e+02   9.13049e+00   3.30500e+00   6.22000e+02
           889   6.24376e+02   8.89000e+02   9.10567e+00   3.30300e+00   6.22667e+02
           890   6.25035e+02   8.90000e+02   9.07811e+00   3.30100e+00   6.23333e+02
           891   6.25687e+02   8.91000e+02   9.04912e+00   3.29900e+00   6.24000e+02
           892   6.26340e+02   8.92000e+02   9.00767e+00   3.29700e+00   6.24667e+02
           893   6.26979e+02   8.93000e+02   8.97469e+00   3.29500e+00   6.25333e+02
           894   6.27628e+02   8.94000e+02   8.94429e+00   3.29303e+00   6.26000e+02
           895   6.28284e+02   8.95000e+02   8.91391e+00   3.29111e+00   6.26667e+02
           896   6.28934e+02   8.96000e+02   8.88552e+00   3.28925e+00   6.27333e+02
           897   6.29595e+02   8.97000e+02   8.85764e+00   3.28739e+00   6.28000e+02
           898   6.30239e+02   8.98000e+02   8.82749e+00   3.28554e+00   6.28667e+02
           899   6.30890e+02   8.99000e+02   8.79649e+00   3.28369e+00   6.29333e+02
           900   6.31543e+02   9.00000e+02   8.76389e+00   3.28193e+00   6.30000e+02
           901   6.32191e+02   9.01000e+02   8.73176e+00   3.28012e+00   6.30667e+02
           902   6.32846e+02   9.02000e+02   8.69641e+00   3.27829e+00   6.31333e+02
           903   6.33498e+02   9.03000e+02   8.66030e+00   3.27645e+00   6.32000e+02
           904   6.34148e+02   9.04000e+02   8.63674e+00   3.27455e+00   6.32667e+02
           905   6.34806e+02   9.05000e+02   8.61228e+00   3.27266e+00   6.33333e+02
           906   6.35453e+02   9.06000e+02   8.58716e+00   3.27075e+00   6.34000e+02
           907   6.36101e+02   9.07000e+02   8.56168e+00   3.26883e+00   6.34667e+02
           908   6.36750e+02   9.08000e+02   8.53799e+00   3.26688e+00   6.35333e+02
           909   6.37406e+02   9.09000e+02   8.51656e+00   3.26501e+00   6.36000e+02
           910   6.38053e+02   9.10000e+02   8.49613e+00   3.26316e+00   6.36667e+02
           911   6.38698e+02   9.11000e+02   8.47714e+00   3.26130e+00   6.37333e+02
           912   6.39356e+02   9.12000e+02   8.46685e+00   3.25947e+00   6.38000e+02
           913   6.40013e+02   9.13000e+02   8.44777e+00   3.25760e+00   6.38667e+02
           914   6.40665e+02   9.14000e+02   8.43124e+00   3.25571e+00   6.39333e+02
           915   6.41311e+02   9.15000e+02   8.41524e+00   3.25381e+00   6.40000e+02
           916   6.41969e+02   9.16000e+02   8.40218e+00   3.25185e+00   6.40667e+02
           917   6.42621e+02   9.17000e+02   8.38823e+00   3.24993e+00   6.41333e+02
           918   6.43270e+02   9.18000e+02   8.37971e+00   3.24807e+00   6.42000e+02
           919   6.43919e+02   9.19000e+02   8.37700e+00   3.24622e+00   6.42667e+02
           920   6.44577e+02   9.20000e+02   8.37108e+00   3.24438e+00   6.43333e+02
           921   6.45218e+02   9.21000e+02   8.36332e+00   3.24255e+00   6.44000e+02
           922   6.45879e+02   9.22000e+02   8.35399e+00   3.24072e+00   6.44667e+02
           923   6.46533e+02   9.23000e+02   8.34617e+00   3.23888e+00   6.45333e+02
           924   6.47173e+02   9.24000e+02   8.34679e+00   3.23708e+00   6.46000e+02
           925   6.47828e+02   9.25000e+02   8.34277e+00   3.23528e+00   6.46667e+02
           926   6.48485e+02   9.26000e+02   8.34085e+00   3.23352e+00   6.47333e+02
           927   6.49150e+02   9.27000e+02   8.34222e+00   3.23176e+00   6.48000e+02
           928   6.49797e+02   9.28000e+02   8.36353e+00   3.22999e+00   6.48667e+02
           929   6.50443e+02   9.29000e+02   8.37655e+00   3.22820e+00   6.49333e+02
           930   6.51091e+02   9.30000e+02   8.38858e+00   3.22638e+00   6.50000e+02
           931   6.51742e+02   9.31000e+02   8.39938e+00   3.22456e+00   6.50667e+02
           932   6.52397e+02   9.32000e+02   8.40925e+00   3.22269e+00   6.51333e+02
           933   6.53046e+02   9.33000e+02   8.42092e+00   3.22089e+00   6.52000e+02
           934   6.53697e+02   9.34000e+02   8.43405e+00   3.21908e+00   6.52667e+02
           935   6.54356e+02   9.35000e+02   8.44626e+00   3.21727e+00   6.53333e+02
           936   6.55014e+02   9.36000e+02   8.46975e+00   3.21543e+00   6.54000e+02
           937   6.55665e+02   9.37000e+02   8.48051e+00   3.21357e+00   6.54667e+02
           938   6.56319e+02   9.38000e+02   8.49047e+00   3.21172e+00   6.55333e+02
           939   6.56973e+02   9.39000e+02   8.49988e+00   3.20992e+00   6.56000e+02
           940   6.57617e+02   9.40000e+02   8.49559e+00   3.20808e+00   6.56667e+02
           941   6.58266e+02   9.41000e+02   8.49633e+00   3.20624e+00   6.57333e+02
           942   6.58921e+02   9.42000e+02   8.49590e+00   3.20440e+00   6.58000e+02
           943   6.59571e+02   9.43000e+02   8.49455e+00   3.20255e+00   6.58667e+02
           944   6.60216e+02   9.44000e+02   8.48110e+00   3.20069e+00   6.59333e+02
           945   6.60861e+02   9.45000e+02   8.47180e+00   3.19882e+00   6.60000e+02
           946   6.61524e+02   9.46000e+02   8.46004e+00   3.19701e+00   6.60667e+02
           947   6.62178e+02   9.47000e+02   8.44971e+00   3.19521e+00   6.61333e+02
           948   6.62821e+02   9.48000e+02   8.42547e+00   3.19339e+00   6.62000e+02
           949   6.63472e+02   9.49000e+02   8.40374e+00   3.19159e+00   6.62667e+02
           950   6.64119e+02   9.50000e+02   8.38460e+00   3.18978e+00   6.63333e+02
           951   6.64769e+02   9.51000e+02   8.36413e+00   3.18797e+00   6.64000e+02
           952   6.65426e+02   9.52000e+02   8.32890e+00   3.18617e+00   6.64667e+02
           953   6.66077e+02   9.53000e+02   8.30354e+00   3.18434e+00   6.65333e+02
           954   6.66716e+02   9.54000e+02   8.28094e+00   3.18249e+00   6.66000e+02
           955   6.67373e+02   9.55000e+02   8.25678e+00   3.18062e+00   6.66667e+02
           956   6.68020e+02   9.56000e+02   8.21784e+00   3.17869e+00   6.67333e+02
           957   6.68662e+02   9.57000e+02   8.18342e+00   3.17676e+00   6.68000e+02
           958   6.69324e+02   9.58000e+02   8.15178e+00   3.17483e+00   6.68667e+02
           959   6.69975e+02   9.59000e+02   8.12077e+00   3.17290e+00   6.69333e+02
           960   6.70624e+02   9.60000e+02   8.08580e+00   3.17091e+00   6.70000e+02
           961   6.71277e+02   9.61000e+02   8.05193e+00   3.16890e+00   6.70667e+02
           962   6.71923e+02   9.62000e+02   8.02008e+00   3.16684e+00   6.71333e+02
           963   6.72580e+02   9.63000e+02   7.98832e+00   3.16475e+00   6.72000e+02
           964   6.73225e+02   9.64000e+02   7.94812e+00   3.16261e+00   6.72667e+02
           965   6.73873e+02   9.65000e+02   7.91148e+00   3.16050e+00   6.73333e+02
           966   6.74528e+02   9.66000e+02   7.87656e+00   3.15840e+00   6.74000e+02
           967   6.75177e+02   9.67000e+02   7.84264e+00   3.15630e+00   6.74667e+02
           968   6.75826e+02   9.68000e+02   7.80644e+00   3.15410e+00   6.75333e+02
           969   6.76477e+02   9.69000e+02   7.76584e+00   3.15192e+00   6.76000e+02
           970   6.77129e+02   9.70000e+02   7.72654e+00   3.14975e+00   6.76667e+02
           971   6.77785e+02   9.71000e+02   7.69105e+00   3.14759e+00   6.77333e+02
           972   6.78435e+02   9.72000e+02   7.65969e+00   3.14529e+00   6.78000e+02
           973   6.79083e+02   9.73000e+02   7.62434e+00   3.14301e+00   6.78667e+02
           974   6.79732e+02   9.74000e+02   7.58728e+00   3.14070e+00   6.79333e+02
           975   6.80385e+02   9.75000e+02   7.55070e+00   3.13840e+00   6.80000e+02
           976   6.81037e+02   9.76000e+02   7.50498e+00   3.13604e+00   6.80667e+02
           977   6.81679e+02   9.77000e+02   7.46153e+00   3.13369e+00   6.81333e+02
           978   6.82327e+02   9.78000e+02   7.42118e+00   3.13136e+00   6.82000e+02
           979   6.82984e+02   9.79000e+02   7.38196e+00   3.12904e+00   6.82667e+02
           980   6.83642e+02   9.80000e+02   7.34620e+00   3.12669e+00   6.83333e+02
           981   6.84292e+02   9.81000e+02   7.30563e+00   3.12433e+00   6.84000e+02
           982   6.84936e+02   9.82000e+02   7.26437e+00   3.12194e+00   6.84667e+02
           983   6.85587e+02   9.83000e+02   7.22239e+00   3.11956e+00   6.85333e+02
           984   6.86234e+02   9.84000e+02   7.16321e+00   3.11708e+00   6.86000e+02
           985   6.86880e+02   9.85000e+02   7.10842e+00   3.11464e+00   6.86667e+02
           986   6.87534e+02   9.86000e+02   7.05448e+00   3.11217e+00   6.87333e+02
           987   6.88188e+02   9.87000e+02   7.00168e+00   3.10973e+00   6.88000e+02
           988   6.88835e+02   9.88000e+02   6.95350e+00   3.10718e+00   6.88667e+02
           989   6.89481e+02   9.89000e+02   6.90587e+00   3.10463e+00   6.89333e+02
           990   6.90137e+02   9.90000e+02   6.85673e+00   3.10209e+00   6.90000e+02
           991   6.90785e+02   9.91000e+02   6.80725e+00   3.09953e+00   6.90667e+02
           992   6.91429e+02   9.92000e+02   6.74565e+00   3.09694e+00   6.91333e+02
           993   6.92075e+02   9.93000e+02   6.69087e+00   3.09435e+00   6.92000e+02
           994   6.92722e+02   9.94000e+02   6.63365e+00   3.09175e+00   6.92667e+02
           995   6.93374e+02   9.95000e+02   6.57219e+00   3.08917e+00   6.93333e+02
           996   6.94028e+02   9.96000e+02   6.51231e+00   3.08656e+00   6.94000e+02
           997   6.94682e+02   9.97000e+02   6.45110e+00   3.08393e+00   6.94667e+02
           998   6.95329e+02   9.98000e+02   6.39145e+00   3.08132e+00   6.95333e+02
           999   6.95978e+02   9.99000e+02   6.33409e+00   3.07867e+00   6.96000e+02
          1000   6.96630e+02   1.00000e+03   6.27926e+00   3.07597e+00   6.96667e+02
          1001   6.97282e+02   1.00100e+03   6.22716e+00   3.07330e+00   6.97333e+02
          1002   6.97935e+02   1.00200e+03   6.17809e+00   3.07088e+00   6.98000e+02
          1003   6.98576e+02   1.00300e+03   6.13197e+00   3.06875e+00   6.98667e+02
          1004   6.99229e+02   1.00400e+03   6.08891e+00   3.06688e+00   6.99333e+02
          1005   6.99882e+02   1.00500e+03   6.04796e+00   3.06522e+00   7.00000e+02
MICS 600-40, 07.10.2025 13:59:21
